1 0 
1 296 
1 180 
1 216 
1 167 
1 54 
1 85 
1 212 
1 116 
1 249 
1 75 
1 168 
1 108 
1 259 
1 87 
1 80 
1 164 
1 103 
1 41 
1 275 
1 184 
1 294 
1 148 
1 127 
1 161 
1 13 
1 162 
1 203 
1 95 
1 213 
1 260 
1 88 
1 110 
1 159 
1 34 
1 276 
1 72 
1 62 
1 290 
1 285 
1 133 
1 156 
1 92 
1 15 
1 8 
1 63 
1 273 
1 136 
1 4 
1 107 
1 7 
1 74 
1 210 
1 96 
1 282 
1 150 
1 271 
1 218 
1 58 
1 105 
1 227 
1 245 
1 19 
1 125 
1 137 
1 134 
1 226 
1 21 
1 68 
1 224 
1 185 
1 144 
1 121 
1 220 
1 214 
1 18 
1 244 
1 246 
1 284 
1 111 
1 99 
1 60 
1 39 
1 243 
1 171 
1 281 
1 198 
1 11 
1 113 
1 258 
1 204 
1 114 
1 200 
1 242 
1 79 
1 174 
1 57 
1 170 
1 10 
1 146 
