3 0 296 75 
3 180 85 161
3 216 103 127
3 167 108 259
3 54 294 13
3 212 148 95
3 116 249 136
3 168 164 7
3 87 72 133
3 80 62 290
3 41 162 260
3 275 203 58
3 184 159 15
3 213 224 214
3 88 276 227
3 110 134 92
3 34 8 210
3 285 156 281
3 63 21 39
3 273 60 113
3 4 220 218
3 107 44 96
3 74 226 174
3 282 121 209
3 150 200 91
3 271 170 140
3 105 129 277
3 245 284 68
3 19 188 244
3 125 79 241
3 137 171 232
3 185 27 177
3 144 32 146
3 18 204 82
3 246 198 102
3 111 61 160
3 99 243 163
3 11 73 101
3 258 237 283
3 114 119 201
3 242 196 256
3 57 217 50
3 10 98 266
3 89 48 112
3 295 3 190
3 12 228 206
3 265 59 154
3 261 29 14
3 207 42 205
3 181 152 252
3 141 215 233
3 25 139 106
3 219 104 30
3 16 250 78
3 131 35 67
3 197 6 93
3 288 272 208
3 225 40 157
3 236 23 70
2 293 149
3 202 158 109
3 43 143 151
3 239 26 195
3 83 248 223
3 126 123 278
3 298 147 235
3 193 187 128
3 28 254 191
3 155 192 1
3 289 71 186
3 138 238 145
3 38 230 172
3 135 173 132
2 94 2
3 287 292 142
2 49 130
1 257
3 269 90 5
3 286 56 76
3 81 255 55
3 299 263 166
3 124 51 182
3 297 240 77
3 97 189 274
3 20 176 120
2 153 175
2 178 165
3 37 84 183
2 69 211
2 262 247
2 47 9
3 31 251 52
3 267 117 45
3 22 118 264
2 194 169
3 24 253 279
3 64 268 291
1 229
3 86 100 231
3 122 280 46
