62 574 7024 3545 6373 699 7329 5439 7706 9213 1523 336 9035 370 2355 640 8100 1546 4131 6796 6896 4733 3503 4479 7766 6579 5037 3243 7787 2636 1247 4217 8053 9274 7481 7499 1345 9299 3701 1158 8363 4525 7692 9107 9689 1860 7479 814 923 6826 5821 1634 9953 1147 3311 5207 3692 3856 2048 9780 6300 3102 8727 
63 7795 4400 7505 1886 1030 7030 5497 4476 38 9059 7669 710 5230 4551 6664 147 6995 5003 5616 5126 975 8669 4609 8507 2578 155 9199 240 8298 727 1537 7749 6436 1360 2042 7973 8011 1601 3083 3121 9190 1006 5314 2533 3479 2892 8214 7446 6686 6775 6814 3117 5781 826 7507 779 2492 4456 6784 180 631 4513 9697 
61 2532 3261 3440 8021 2447 1137 7597 8521 9835 9686 2550 5451 9577 9704 5472 5065 4906 9978 49 7842 7747 2036 940 793 9934 508 9040 3067 9345 9115 3869 1460 5615 3871 595 202 4412 7928 4921 7522 7462 7389 3815 1895 9193 9954 7360 4672 7278 8866 9964 1954 2652 2535 9625 6806 6333 9173 50 2922 1448 
63 630 1930 4098 5895 6607 9818 563 7846 9724 6009 5733 8176 1635 1077 8341 5636 4398 7082 5192 2923 9867 3834 5376 5155 6542 1625 8388 5297 2476 3017 7615 9472 3857 1249 1214 5694 8429 7445 2039 1776 3452 6033 1384 527 4774 8404 4805 2757 1836 1960 2336 6689 8655 85 8599 5063 6923 1229 1971 760 7254 8720 8916 
62 4026 1705 9758 6379 7952 4681 1681 8941 5272 7098 4588 4812 4359 8665 5580 5649 1028 3474 435 1010 6012 87 9518 320 2284 1402 9987 8518 4176 1293 6605 4015 6644 4821 9233 2638 2281 6847 7121 470 5954 1281 5833 1081 7258 1759 5044 2933 4934 7576 4376 9743 6248 2865 4924 7554 4815 7266 1747 6756 6385 5789 
60 1629 2254 4872 2296 9803 1035 128 234 3849 7035 3206 9338 8884 7784 4229 7765 6363 7512 4187 7146 8674 7569 4433 8296 9869 5598 6163 9926 6158 9567 3812 2405 8285 6969 2035 2717 5447 3028 1876 6166 7694 3134 6540 2904 4529 9017 3345 9617 7411 5880 5203 9456 3530 5050 1157 1198 3003 9386 3162 4968 
61 1458 4645 484 2825 8338 4034 8254 3640 3168 5515 360 8048 1586 625 7513 2996 2516 250 4548 2108 8410 2001 7046 1608 5399 9543 3794 1482 1861 6936 4200 4022 7501 6643 9967 7547 1066 1209 6016 196 9071 7224 6600 1631 8251 9194 4575 1405 258 9609 1583 2026 4573 316 5524 5475 4532 3386 6551 390 692 
58 5628 7203 6390 863 537 8409 5919 8530 7383 5295 8936 358 7637 990 141 9779 3226 9324 8096 5337 6429 8922 9318 2271 3434 9681 1642 7009 545 9444 4138 9421 4360 3159 5594 1411 8913 3396 1476 5401 855 2870 2421 5284 894 1095 4514 7909 8944 3141 9789 960 5745 8444 5326 2106 6320 8069 
62 7888 2610 1558 7379 1202 7899 588 7778 6813 7074 1003 8259 4750 4411 7336 967 9690 4669 1463 6898 993 576 9887 7543 1949 9528 6960 2283 9337 2847 7614 9437 1919 9719 1541 8542 8043 8851 259 8067 8559 3673 580 5773 8079 747 7532 2227 5835 5868 7247 3373 7418 2178 5445 6629 7934 2604 400 6563 8657 644 
58 7066 3203 8039 8012 8956 2157 1309 9880 4943 2840 3758 1076 6245 5737 7028 8077 2308 9051 302 2435 4372 3494 5171 4863 8833 8355 2477 3139 1626 3435 771 6765 1125 6590 7352 2651 3224 7378 9768 4213 8366 2845 8804 4257 8229 6458 1848 4928 5950 2468 2463 854 3653 3748 516 8993 3200 5199 
55 7551 3476 3714 4123 9189 7677 1342 3241 9921 3227 1810 8240 9546 1091 882 6431 1576 1823 2656 842 852 9139 6003 4381 4462 249 7586 4596 4181 6545 798 7323 925 4017 1287 6181 1934 1453 5886 8465 1916 1366 4993 1567 5600 7873 4956 8671 2095 5871 880 8999 4158 9851 7533 
56 8830 2309 361 2595 670 5607 3251 9856 4524 1871 3897 3488 736 1099 6037 9740 2363 8042 9713 9122 3284 8286 2803 9910 8257 7566 5231 438 3727 1554 2200 8349 2089 9000 4622 9805 9321 973 96 1312 1674 6548 6124 3366 9064 2885 7141 9504 8293 1825 6450 4785 5343 4782 7941 3271 
54 7613 4465 3884 9696 5068 5153 8617 6755 7157 227 9155 8687 5989 5925 4062 2148 8253 7238 3556 2494 6453 291 5111 5429 5946 8200 5156 597 394 8105 1839 8233 5094 4031 4322 3726 7498 1981 7998 8050 8491 156 9654 4638 5371 7204 5685 3145 550 5426 6426 3303 6403 7287 
58 4692 3611 2854 5186 3875 4856 8106 6439 9400 8911 2805 6369 1241 6316 769 3511 874 7025 7332 517 3075 8218 2736 1884 8205 6514 3273 8389 3469 9097 6119 7886 2702 1304 6183 8020 4126 7447 6994 9349 7859 8972 7080 6099 6022 7004 6066 7672 2253 5229 7095 5219 1265 5893 3604 9589 4452 6127 
50 6398 4489 7528 2088 6581 999 3547 1707 4151 5526 7213 2921 1905 8375 3360 2011 4442 1775 633 8232 9582 2963 2329 982 2690 2213 6117 1726 7649 4738 6842 2104 7135 8192 3164 1610 5333 5308 6120 2215 2123 2080 9993 1140 9717 5559 6884 4515 745 6971 
58 354 4758 524 6560 8107 3595 5595 6356 6392 3774 4725 9970 5655 5858 7818 5145 6835 1466 3491 3841 6767 5550 2571 3932 2082 3835 4130 8926 3297 1160 5135 2794 3694 8265 2102 4980 2830 6703 2732 8768 5839 7924 3048 210 8381 1222 7059 5136 2137 6112 7390 6265 9099 6934 4961 3377 7991 5606 
51 5130 2022 6071 8015 3594 2760 610 2626 5851 3917 819 6751 5772 9232 1404 8180 9268 4247 9286 9285 9073 5944 5704 3021 9004 7374 4175 1054 9474 299 3120 2489 9072 2219 471 3355 608 494 8596 1548 101 3100 4867 6324 5748 3214 6365 8131 70 4115 7870 
50 6237 2676 5947 443 9969 9430 6210 7357 5193 9205 9175 3130 6090 1673 5914 359 3838 1064 9718 4927 5582 2024 1435 6516 7100 4042 1441 9211 172 467 783 3264 426 4818 5091 6244 1973 8493 4668 9451 7844 4190 8943 8032 1139 5986 1074 2491 3864 2563 
56 478 9509 6577 5903 3353 1041 2411 2857 4646 4994 6759 4403 458 8329 9578 2974 1809 5873 1177 7060 889 7429 9726 1830 6757 5198 2303 3026 1406 9326 7752 6874 4940 2059 7331 6802 7656 3850 942 7055 8270 5668 3199 2683 5847 2678 1511 165 2925 7000 774 6068 2784 8324 7182 5190 
52 5798 9018 7763 2049 985 7194 8697 6357 2716 2436 4526 2969 7926 4385 9673 1124 6260 3464 7638 4007 9764 1134 9307 4877 169 7239 8400 2478 2544 9427 7813 9094 6191 1982 4457 5695 7126 1731 5246 4577 4608 1781 5527 3880 3178 7409 6371 2763 6986 7211 1864 5164 
50 9647 5900 2875 1187 4907 8901 1918 7675 1475 2777 9538 6715 9260 4793 4654 2972 423 7130 921 6587 2951 8041 2175 839 2310 9184 9011 2637 9897 5934 6017 992 7893 816 9106 2129 6294 4935 9739 1377 243 4862 5766 2461 2194 6922 8215 6470 7148 133 
55 1929 4870 1745 2101 8109 150 3447 6113 7857 3882 5479 4537 8817 5329 2013 3426 1632 4473 1963 5799 252 4059 270 2525 7181 7581 7801 7736 5486 6438 5756 2586 6747 9304 9025 3394 1461 8097 4032 8949 2679 6142 8852 6143 3883 5162 342 9481 5338 3564 5670 829 9505 5705 474 
51 1105 5617 8991 2504 6188 8112 376 731 5968 194 4534 906 9450 9309 2616 4900 9829 1 879 8965 5993 6968 7116 6254 3562 7460 7847 7791 5360 6447 8014 9003 6883 2203 572 8123 6827 1274 558 6467 3912 3038 3681 8462 8424 1042 8466 6864 9134 427 1363 
51 1612 2707 1059 3797 8121 5112 9893 6530 4584 7200 8793 8477 2007 9425 1590 8263 1183 587 5152 5240 3699 3821 9052 5757 5785 5422 4873 6421 4369 7067 8575 1898 5216 6791 1149 7785 7967 1379 4070 7653 8051 4016 6652 1941 9575 2836 8544 838 1493 3664 4560 
53 9435 4621 5300 190 4198 8009 4185 2400 9174 5220 4716 1421 8721 4254 8717 3546 9279 706 2075 7014 1972 3070 9055 2902 6227 3012 5585 5891 3346 3660 7635 1713 8211 6795 794 8271 5715 8445 7347 5470 9531 2265 6277 9027 7235 1943 1049 6797 3721 9251 1998 6083 7503 
50 5546 9058 2708 3649 3034 1073 8798 7289 2649 9182 1393 386 4981 7833 1718 4853 9771 4628 9502 2552 2572 9813 9145 8511 7727 4713 3076 3082 9517 5531 3963 3788 4205 891 8627 7156 6202 2140 9466 4842 1536 4502 2017 9021 5754 2509 4735 5282 8660 7034 
51 8498 5581 3940 6720 3772 4390 2081 5279 1039 3001 221 851 9607 2976 2150 3065 6528 6920 7453 1733 6483 185 2944 2594 6536 7197 8117 8384 7079 130 4566 3156 5428 983 2003 696 4078 5134 3800 2518 6261 9759 1269 6822 2500 3248 7912 5000 9854 3348 1083 
48 6739 4063 5085 4797 548 6471 2152 7220 9586 8696 9276 2773 9548 2906 6264 489 9615 7291 8374 7985 1831 6230 5234 4287 5233 9431 9258 1339 8907 6402 7183 6496 6972 473 201 9786 9291 2587 1148 2890 1829 5432 6650 2770 7580 6588 9515 1599 
50 3765 5850 5057 966 2449 3188 4788 399 4382 6906 5394 8677 2735 237 384 284 5078 4453 583 6941 8526 6075 7010 8489 8408 8915 4742 5861 1807 4602 1645 7297 2277 2554 9218 5552 7902 3401 4701 6241 9864 3301 1723 3016 5315 703 1893 2891 371 2801 
46 7651 3002 6498 3634 9269 5901 676 5977 3612 740 8394 4291 8605 3695 930 1818 1819 6647 8348 9727 2672 2949 8988 5248 5440 4755 8126 2561 131 7764 9257 199 4236 2639 53 7830 6494 3056 3375 4378 6733 8383 5223 8258 5549 1767 
49 32 9044 5256 8081 3658 3793 8288 9019 8235 8423 4318 1033 7198 3872 2030 483 4202 7063 541 6040 9468 5626 3276 6875 175 5144 663 346 1846 1889 20 4520 6821 4049 1048 5812 9433 7388 7605 2412 5469 4309 669 565 6891 9939 8094 8483 22 
47 1070 3098 4536 3935 5237 4631 418 4585 3189 6630 4014 6513 2758 6696 9359 2956 6046 7346 3702 3778 8900 7855 1944 6233 6636 780 9407 5570 9511 9498 2896 8463 6321 2324 4683 1034 4413 178 8800 3382 5034 2454 2295 2077 2354 4152 3323 
48 1365 721 5358 2940 9061 4820 1658 5455 4719 7105 7286 4657 2290 3677 9900 9693 134 2879 2517 1738 2162 3638 552 6880 44 8102 2796 5883 8894 8065 931 437 4839 7762 4781 3974 1621 2681 2547 9596 6348 1027 5770 9935 6063 7641 5236 9413 
49 7646 2126 5087 8573 9614 1974 230 6473 5128 8681 9668 6641 2272 7201 2986 7869 8541 2710 3777 5405 8869 7771 4212 8844 7557 6742 452 398 3088 7854 4969 5244 6674 7538 6554 1490 980 4226 2737 6048 2438 8719 9079 4079 9637 8584 1887 7644 3081 
46 7444 1383 8064 5474 6722 1741 5802 5726 6038 3099 8256 7695 7338 5749 4045 1757 246 6465 7879 348 232 5082 4419 7086 3427 6116 7974 2919 1956 2071 926 9622 6899 3193 6276 8729 6251 2167 4342 4167 5583 9317 4568 3894 8169 7264 
49 1474 8801 764 4637 3698 2979 7751 8570 8045 3525 5547 7206 979 7223 7966 6041 6364 7715 6656 5215 7359 9664 4640 5030 9946 3540 1591 9644 561 7740 357 1620 2033 4203 8431 8266 1896 260 1412 3487 2888 9948 1468 4698 3473 4387 4594 3651 2097 
48 7458 5346 4225 4345 4847 9068 7685 4041 6441 1401 1433 9253 4784 1487 12 2694 2443 2014 4110 2542 7252 468 9519 5768 3231 8340 9857 3267 5936 1318 8085 5305 1022 7118 83 3770 3873 2315 256 9894 1950 166 9471 2410 6057 6234 871 4673 
48 4736 2362 575 7891 1170 2712 8027 4315 9032 4708 6454 3403 741 6482 6780 6639 3019 7337 5247 6566 5820 2360 1600 4772 3959 714 9675 8865 5266 5204 1422 5026 835 2824 3741 738 7520 1086 4173 3060 2686 6303 8531 441 698 6731 997 261 
46 7500 7817 4761 2252 5166 377 2741 3497 9968 2718 2185 4172 7178 9997 4271 6544 4177 6295 2439 4705 9988 8792 4279 7885 3089 2058 1133 1606 7210 7251 2483 7225 2536 2761 3190 4829 6337 3768 2568 3354 1897 6487 549 5114 222 4902 
48 5251 4509 6484 9595 1088 8314 8362 1193 7872 7305 3647 6895 4731 8785 9373 2607 5840 8565 6801 6218 6897 9558 4667 6152 6478 5810 124 1129 1664 9432 5196 366 9601 138 5465 5069 4882 9706 6811 6628 886 5255 2342 4983 988 3031 4995 8888 
45 9033 1038 8590 6785 682 4559 4427 7895 2 120 3552 2787 2657 5132 3937 6562 6168 7617 7319 8297 2155 8287 4746 3062 6855 768 328 9135 8862 4459 4068 4561 2789 525 5239 7906 8728 4307 3859 4539 3063 3490 4859 1180 4908 
46 1026 1320 8162 9520 8703 1262 4209 8787 8101 2817 114 4582 7154 1533 2119 1980 4020 7633 152 311 292 5543 2433 3742 4352 5275 7670 1375 4833 2051 3281 7085 6583 1165 6660 7093 4270 9464 3429 8574 3757 9592 8122 1516 7990 2356 
52 7798 2642 59 7355 5138 4656 8264 8796 353 1315 4972 2349 7218 4777 3144 7804 5023 7863 3196 4420 4094 3589 3040 4625 2068 300 6838 7606 8415 4985 5538 1420 3073 8024 6059 744 2739 5797 7396 9424 6793 4170 7640 1438 297 9282 8171 4891 6067 1153 2221 3931 
48 635 758 533 116 1962 7054 1156 3509 7598 9792 4528 6105 8611 1574 5572 4574 8342 2220 5874 4890 3579 959 6383 3818 912 910 8010 4767 432 5859 2781 2809 3669 6228 3787 9172 9360 7269 1863 5863 183 4966 5434 2863 5762 3998 4086 2286 
47 5483 9873 4033 2774 4132 6393 8942 4301 170 9593 9259 4889 8391 6929 2160 9521 2084 3899 6065 1111 6984 6223 5499 6817 937 3718 2727 901 4058 9753 5205 9050 970 6323 9453 9752 3617 7936 5658 3132 7600 6082 8193 7911 2161 5574 5088 
46 5179 140 313 873 9741 3131 2705 6159 7015 6206 1682 9463 9265 98 8186 5409 5684 9924 6740 1327 9159 58 5098 4823 9368 3238 511 9014 1553 3018 3645 2720 847 2861 7368 526 1883 2374 6378 4603 2581 1488 6888 9095 3176 7823 
48 8059 522 9380 8548 7088 5909 6991 6459 4605 8948 5994 4118 9192 6126 6998 8716 8049 9426 3643 9787 3225 9928 8456 7127 4182 2646 7391 8650 1019 7228 8566 5760 2177 8516 1618 1447 5729 7186 9560 449 9705 5746 4553 4396 1613 8771 1225 7860 
47 266 8708 6412 5443 2394 1695 713 7931 3588 772 4311 5568 3247 5988 8710 167 6521 9642 4262 828 1940 5143 2756 2869 2118 5913 6435 3792 9379 4660 8968 1873 7573 3080 7452 3472 4466 1985 8230 6766 4984 8769 6292 4714 4811 1566 3728 
40 869 4242 8078 5175 5442 933 307 9187 9542 4945 7827 2429 1196 5163 9083 4455 9957 7624 2959 1317 8307 2585 7592 7354 3676 2046 137 642 8497 6093 6761 5591 9777 9384 914 977 6850 3534 1418 68 
49 5061 1354 9077 8885 1123 2076 6043 892 5698 4522 1481 2199 2074 4909 2300 5049 1851 3329 1975 1693 2064 1425 6777 9246 4470 3662 8733 6914 7199 5017 8272 6799 3886 750 6495 3000 2305 5306 1908 1649 1909 4635 1087 3744 368 4963 200 5803 1840 
45 7832 2440 9069 6497 4629 2043 1295 7607 3809 4370 7113 3910 8282 6524 3743 9888 8588 4918 4850 4273 3096 1413 5125 6080 6974 9581 303 5261 6186 8743 4255 5554 8582 5142 2258 8850 1277 8093 3729 9323 3064 4393 4425 9671 9060 
41 2242 4930 2333 5502 4362 8062 9208 3560 9009 6074 3711 9526 8098 2105 2601 9281 8840 7731 8343 2307 7341 6808 4832 7340 6407 5807 2837 9005 7738 6375 6977 1572 8805 5249 1219 2094 5064 3364 421 8372 2501 
44 1114 3628 8711 5097 6515 8334 5106 2176 2813 7419 7051 9250 7230 9046 1355 1381 5633 6779 7697 6457 4499 9120 8578 8019 8505 8572 5307 4194 9214 4321 3771 8092 424 8425 824 8057 479 2994 4146 9799 3769 5623 6097 8087 
43 6411 7553 3234 206 5599 5392 7271 8174 9165 7089 4196 3417 3428 8470 6624 1811 6313 8649 8248 3320 4162 3961 4211 9611 6167 6475 9195 5960 4371 1688 88 8794 1662 9936 4323 5148 2526 3567 5038 3582 207 5961 104 
45 9066 9342 16 5480 7634 9489 472 3444 9030 9996 6456 34 4237 8370 602 9760 9998 8667 2970 7668 9497 3573 450 7382 9784 8832 7947 1194 5811 2431 9650 5741 1279 1595 2658 4851 8187 9761 637 4148 5945 4769 2073 5716 8195 
41 7943 5605 4051 3379 7366 6790 5077 8581 47 9223 4550 1203 6401 8856 1118 5403 8958 8673 8146 4630 1967 5014 9 6597 321 8924 3194 6887 2650 2249 410 8403 8934 8084 9674 107 229 1719 3900 812 8325 
46 876 6204 4721 5829 7745 4298 6008 507 4005 7149 9632 7175 9300 1399 4700 5930 6964 5512 8903 6831 8552 2409 8433 1877 4765 8308 5387 7938 1248 8003 3918 1798 6329 4876 6386 2214 1786 1349 41 2317 4752 1838 6582 7043 3146 3449 
42 8814 4754 8520 7780 5071 7234 171 4389 7725 314 7 2942 5093 1794 9007 6663 6400 3259 1368 8188 5362 1970 4641 3288 9855 9131 7673 2386 5818 3516 3926 5679 3407 8724 2247 1297 6327 7007 9141 6387 5318 5033 
41 5335 6193 6061 108 8028 8005 6509 4246 9550 244 4531 651 67 5355 6086 1002 9499 1014 9886 5352 702 5189 624 6194 9391 3339 4320 7953 3533 5444 5059 896 4593 1302 7774 9162 9008 6743 5052 4012 2404 
41 5127 6109 145 356 2895 3025 9698 3051 6302 365 4975 5879 3559 8234 7963 4843 860 242 6306 2947 1806 2973 4299 3895 4192 8167 3314 7236 3467 4075 945 7490 7862 6352 5681 7815 3889 8339 9138 7889 2548 
47 9876 6693 7358 7487 2060 9488 1374 9041 3852 7333 2776 4770 6701 4351 1138 5822 8142 8500 6735 4546 2556 3627 1728 833 8610 110 496 6102 92 4394 2133 7410 6229 8737 9186 6634 2742 5621 8226 395 3590 4135 5846 1689 7262 2298 5545 
44 4666 7163 8152 6225 8864 7212 4722 1044 6461 1272 9563 1228 2848 9459 957 5334 3507 4905 2946 8435 1816 5674 3968 276 1637 6094 5277 720 2019 8755 4267 3599 2958 6448 8976 3183 2634 3454 4597 5066 2766 3349 2197 5197 
46 8310 9448 5022 2008 4076 6132 9198 8245 6212 3860 8906 238 7062 1291 189 6052 6723 647 269 1762 888 2670 4658 991 2916 650 9963 6593 5206 1888 6526 3915 2369 539 8620 9712 986 3568 7523 3228 5665 9522 1835 339 6717 7259 
46 559 6893 4256 7302 2749 4614 3094 7977 4693 5832 1789 656 4997 8401 6319 4087 8150 2971 3390 7172 5712 7404 8367 2897 5983 5817 6370 6466 8752 3163 6989 293 3182 7913 4831 383 534 849 2860 7710 5939 312 4837 3616 5921 9853 
45 5941 1058 3655 9322 8918 6794 6162 1032 8133 434 5174 6434 2643 3478 1964 7856 4662 2131 8765 6263 7850 1290 9288 3934 6098 7548 9891 5467 7483 1694 2580 9397 8870 7840 6395 9537 4121 7609 4554 8052 6687 2145 3749 6262 2193 
41 3654 2715 4581 4326 500 7283 7756 5332 7372 2434 2006 2275 7407 6571 5790 3691 5638 6865 7610 4960 2154 39 8250 4816 5293 5718 6311 4992 8799 174 7583 6622 5995 2456 2728 3010 4258 2326 9905 8583 7003 
43 2762 7068 709 3583 7759 1013 1278 661 8029 4486 3687 1714 4358 7737 7131 3848 5650 6578 4067 770 553 8145 1817 4035 2292 1244 8088 6909 63 2806 8762 2192 4319 7435 659 8895 4759 6885 2811 5958 8937 3613 2453 
42 4220 4709 1832 7395 3050 513 3308 2569 1467 8867 6931 6035 3991 9606 8841 4495 1098 5280 4216 4926 2348 9852 7011 4250 9682 9085 2691 7221 7679 9670 4458 6460 5157 6699 6698 4480 8886 1103 5997 8670 9065 26 
40 5210 2402 4333 1227 4469 950 7721 5158 8822 8676 2165 5438 9666 1392 9679 4227 6719 4357 8746 2241 1521 8438 8921 2420 136 8628 105 9289 3648 9809 1117 275 3756 6721 4704 2557 9140 2957 2945 8247 
40 6789 5662 531 8994 6916 6697 7053 3343 3842 3755 4970 5671 6950 8023 1347 420 382 8001 8855 2038 7775 3307 9620 91 9945 367 5603 2111 976 1455 9692 3602 9128 3985 3891 5103 7761 6051 8513 2246 
41 2256 6900 6729 4335 4506 6058 7612 5344 8532 1696 609 476 7876 1986 6462 3066 6804 7084 5075 5287 1192 2482 2340 2790 7944 8604 8317 6857 9663 6101 7954 2987 5707 9631 7809 7431 1282 6270 1040 4771 4976 
39 593 7993 8909 213 5843 1698 4440 9494 2499 1969 6492 8647 3836 3336 4619 7655 7711 1509 9239 909 2029 8382 5159 412 8735 7881 6406 9366 899 6992 2255 2070 9898 4397 3828 9944 1703 89 1197 
43 9845 4712 9238 2680 916 8825 5739 9981 18 7542 4547 7244 7732 3544 5732 6569 1127 951 4424 8688 3412 5402 2297 6500 2116 2747 6023 1834 1429 1109 5940 1708 9460 9808 4374 4598 2596 6114 9074 5735 5747 46 1780 
47 8725 3696 9636 6754 4951 4222 9600 132 1470 2693 5604 8158 4218 6310 3327 4133 4986 1051 3510 7369 9580 5117 6655 5107 1582 8680 8990 3565 9605 6711 413 6710 7611 2442 5498 5902 7277 5487 8455 9010 5942 688 5006 9016 8726 7618 6187 
43 861 3275 3566 9001 6335 9757 3253 4436 1756 971 1495 8624 9699 6226 5539 4558 4858 6753 3442 8452 289 6354 9850 562 4825 5328 5759 9256 9301 3333 1736 3153 9381 9479 2186 2669 6997 4627 1504 8323 4461 1773 1116 
45 5398 7189 4911 5708 2225 4996 9661 8119 8738 6195 2725 5385 2750 806 2120 6208 2380 3808 3703 4639 3069 3052 7416 5690 3296 4954 2664 6380 7602 8626 934 2090 7708 3129 3399 944 126 2072 6108 9039 4814 8116 2261 4402 1285 
40 8080 6409 6196 9837 3385 7631 2417 2964 5929 2911 9610 9344 2285 215 9825 2377 6535 4113 813 7165 5296 447 790 7826 5933 8262 6555 4426 7626 6290 9220 1644 3486 2466 8641 667 1311 1522 3684 7558 
42 5976 2381 5046 2625 6993 5072 6455 958 6706 9132 9216 8274 775 8076 2469 2416 5838 5775 2343 5551 6667 7164 9532 5265 2274 6908 678 4652 3106 6136 1761 3032 9731 1337 1955 109 3475 3830 555 2280 8992 369 
42 4332 5632 9703 8212 4142 2771 6770 6592 8666 7603 7509 7031 2640 3408 8018 9378 570 7268 8244 1426 7376 4799 3111 697 3058 6013 444 7970 5518 2328 5357 5509 2841 7530 864 8073 8597 1230 2893 581 8983 6915 
43 5620 4723 4920 7643 7574 2820 9815 4406 7017 7968 6463 8686 7713 1881 9828 6121 7160 290 1031 2714 4775 9153 8592 4533 1729 5532 8863 836 4377 1023 905 4144 3878 2484 401 2704 7981 6298 2752 163 737 1910 6612 
45 2998 7405 1989 3847 1045 2764 7812 5365 7158 6272 7293 4795 9404 1796 1685 69 4474 4505 568 9486 8114 6843 5055 4179 3600 4204 6064 4849 5115 897 5556 2560 1326 8938 6673 3927 3223 4111 6164 3520 3499 8508 8460 7018 9493 
