7 565 4659 5021 8199 3374 762 690 
9 583 3197 2957 9341 6657 2057 5639 9076 8279 
7 9105 9037 6566 6773 6282 651 6840 
6 4705 8806 7490 8297 2070 707 
9 2006 9559 9118 8610 7757 787 1915 1380 9834 
7 267 5405 7793 8247 8202 5461 998 
6 9135 6999 8549 7200 1623 1446 
7 3865 5650 2407 8344 3810 4678 805 
8 7687 1588 7994 6674 9547 2111 3015 1056 
6 4862 7830 8917 588 5834 4846 
8 4455 4666 3759 7672 2978 5820 6627 3347 
7 271 7668 4433 515 1819 1219 7673 
7 9255 9130 979 1814 4322 7878 5821 
11 1066 5716 6485 3976 1221 7425 7926 6859 3935 4364 3042 
7 6304 1977 9062 1416 9053 5739 2677 
5 7037 9848 5785 4134 7968 
10 5769 9626 2079 5090 9273 9849 5320 8126 1333 9304 
8 7156 9627 3220 6416 1882 1094 6621 6603 
6 849 8585 684 9672 6035 8740 
9 2020 8932 2335 4940 377 1073 609 5840 3533 
6 5830 6104 4173 9455 289 4968 
7 4207 2999 9031 6513 2162 1077 5896 
9 4143 3546 5710 6942 1215 3722 7854 1802 6819 
6 3022 3624 6116 2995 1759 2337 
7 3632 6066 2933 3186 9358 9689 1088 
6 2783 6132 5070 7330 5509 8508 
8 7677 6413 8493 6165 3968 1811 5581 7036 
9 3103 3249 8203 9524 5374 2729 8471 9642 9829 
6 5816 7643 355 4345 9253 4779 
6 9042 369 2694 1533 45 298 
6 9232 2630 1905 1021 447 6288 
6 8614 7665 1561 2682 4774 1087 
5 6850 2596 7265 4668 6465 
8 9191 511 9561 4244 4852 9760 7577 2334 
8 5698 3050 2128 8904 7071 7970 8275 5020 
7 5829 708 4209 9021 1712 8666 2597 
10 9888 2429 9166 3989 3051 550 4985 2894 5272 722 
8 4537 9965 9410 5632 3292 3431 5897 432 
8 1609 3947 1797 4965 6696 2476 6555 7051 
9 8149 8449 6069 2240 5140 2763 1895 9004 6439 
6 3453 843 1875 2405 5197 5652 
7 428 4024 1096 8343 1763 5198 3792 
7 9464 2011 3592 7461 2517 3407 2032 
9 3236 6951 2577 3867 4937 634 9081 4492 1003 
8 9852 4848 4658 461 5031 2285 1285 1642 
8 6404 8548 3966 3952 9810 2510 8949 8019 
8 190 1995 1474 6677 5168 6759 9580 6191 
9 55 6656 8277 284 9478 3293 7703 9147 1923 
5 9199 8339 1229 3516 3688 
5 9392 2882 6543 3246 5661 
5 3685 4722 985 3074 3633 
6 7193 5298 5801 1423 324 9608 
7 7446 7811 2037 9780 6075 5431 5130 
7 2928 5516 876 9270 8081 5365 836 
6 7884 5279 3277 4439 8341 455 
8 9556 9512 8798 614 5346 2879 6958 4277 
7 7337 9156 2439 9363 7945 3957 7467 
6 1 230 6995 8759 8888 6250 
6 7816 6868 4647 5430 393 535 
6 6274 9607 9933 1975 1225 4432 
7 8274 7663 8014 9026 6509 2993 4140 
4 952 5306 3774 8397 
7 601 1553 9321 8153 4015 3206 6242 
6 6475 3227 7065 6320 6303 7524 
6 9497 8857 9894 4238 8999 3619 
7 3176 5756 2602 6974 9686 1645 9661 
7 7927 6523 6582 9583 1610 5883 8414 
8 8715 6575 189 3222 8749 6427 18 6559 
5 5815 5134 9435 6972 6911 
9 519 5304 7889 8440 7191 7872 693 1818 831 
6 2480 4884 2364 4381 5327 2502 
5 350 6578 2428 2877 6010 
6 1260 6618 8182 5597 3504 2858 
7 4953 7513 3323 1298 8206 3304 7986 
10 5860 6900 699 7255 2653 4496 7101 9621 6611 9552 
6 7940 4092 5401 9814 3180 7374 
9 2920 6767 5034 2167 7558 1709 5255 9883 2300 
5 6910 9929 6229 2998 4757 
8 5406 9347 5282 8609 6248 7635 5828 4177 
8 3092 8194 76 694 9447 4431 4977 8078 
5 867 8906 7923 5141 5404 
7 933 1537 7392 6042 7747 4210 5819 
7 1755 1160 3454 7718 2050 4122 7100 
7 4349 9657 6426 7363 2283 6311 9507 
6 6420 3232 1513 5152 9257 6212 
8 5347 6313 7080 4232 7121 6761 6481 181 
5 7778 1781 4950 4600 2289 
9 372 7849 6851 9890 8761 4824 8576 3297 8581 
7 513 7174 6279 5391 3844 9057 4261 
6 6399 1480 8958 7775 706 9484 
7 7846 4973 2790 4698 7291 6817 7836 
8 8323 4673 4704 2645 5851 1126 7688 8654 
5 799 6387 5325 5084 3975 
8 8020 8803 9068 397 243 34 6214 5376 
10 4008 3697 3384 8653 6172 4224 26 647 756 143 
8 7230 4720 5457 8072 3625 1289 4240 1060 
10 7499 5424 1883 8370 3191 3215 8620 2619 8971 2172 
9 157 6502 9851 3398 6297 8986 1854 6335 2609 
5 1411 6131 5683 1983 5460 
6 1835 2680 1132 3634 8836 6482 
7 4761 3114 1051 7368 8828 1356 2544 
8 5654 1655 5994 3469 6264 5 8095 5900 
7 6849 9815 7019 9687 4438 4952 8365 
9 4094 219 5359 8784 2852 9754 815 4530 7589 
6 984 4971 4235 9533 2310 6518 
5 2954 5171 7352 9921 1456 
7 1267 6009 272 3487 3006 4275 7410 
6 4205 576 4468 3118 4580 8499 
8 3849 9575 9364 9513 7340 7511 1144 148 
6 7000 6062 680 7599 6014 8538 
6 856 105 6880 7782 7947 5811 
7 8207 5495 8820 1034 2381 4763 8891 
6 35 5238 9541 4500 3702 9336 
7 4154 141 5001 6540 6309 1303 2795 
7 2788 498 7988 7650 3494 9989 5891 
10 4742 741 5743 5425 2473 6114 3682 2091 9697 926 
6 6473 4123 5556 813 6988 948 
6 6563 6333 2722 9664 6217 1652 
6 8774 6922 7275 1670 3166 9569 
9 4307 817 6765 7494 7457 4121 5980 5813 2820 
9 273 1332 2915 4807 5809 1842 8936 1899 1659 
5 2977 6622 3187 7450 4799 
7 6409 5660 6680 3359 9653 9615 2487 
7 2031 2119 5211 8432 4051 911 3755 
9 8518 3918 5500 1634 8272 194 4191 7157 7069 
9 2559 5218 5049 3594 4068 4000 6530 6445 685 
7 8426 3445 7633 3635 5330 2815 6994 
9 8406 2233 3603 3169 4561 2344 6249 7127 6158 
8 1013 435 7448 7334 5561 9398 4510 8923 
8 8224 8298 252 4569 4900 6005 9220 6467 
7 3017 9949 524 1918 5412 6355 8808 
8 4208 4815 633 4872 5373 8170 3728 6889 
8 1689 1777 380 7749 9456 1092 9601 5048 
6 7102 1346 688 687 1940 1633 
6 977 5008 7627 2524 1808 8726 
11 6689 7141 3826 8573 3680 1415 2931 5625 8248 6108 4820 
5 137 6281 884 6845 2902 
7 8448 6089 6562 8822 3320 360 3889 
7 5158 6946 880 441 8914 1180 3571 
10 6916 2278 7810 150 7535 5610 744 1385 4172 2509 
8 541 1838 3354 4913 5608 9748 5961 6441 
6 4228 8996 5470 4373 2474 6241 
9 3444 2828 3029 1949 2966 8935 3081 6501 1439 
8 5572 497 2556 2063 3213 7623 2629 4241 
10 7475 9411 7512 6550 7150 8624 686 1108 2096 3965 
7 4635 9179 8506 8150 1889 8139 6127 
8 8557 3510 6244 9160 5520 8900 2822 9146 
10 961 3005 6756 8868 553 7630 9682 4599 6717 6323 
6 8035 5221 1772 6894 1878 8278 
7 6669 6966 1282 582 6169 3964 7899 
8 3025 3640 4482 636 1041 5589 7859 7601 
9 5497 7877 8021 8536 9381 8830 9542 1893 4844 
7 47 164 2315 4768 8107 1426 4281 
10 8310 5902 9052 1564 1422 6699 8357 4082 7563 8862 
6 1326 97 4087 7788 9528 8722 
10 4601 3667 1090 2132 5910 9658 8010 7744 6145 3897 
5 5382 2805 4727 7520 188 
6 7152 2760 589 3552 1936 8778 
9 222 8675 6752 7380 7679 742 1816 1481 1682 
7 5732 156 9229 7741 7767 8411 6934 
7 8978 5054 8895 1316 964 31 4614 
6 5621 3205 6301 4100 3926 1579 
9 7640 4693 8588 494 2710 1342 205 654 6170 
7 2896 2706 894 3980 4612 1400 5037 
8 3773 3537 2115 8721 5080 7658 2876 3478 
10 4894 1447 2230 7277 5764 6298 8016 7850 5949 3041 
10 9393 610 7993 4404 8785 7078 6397 470 9338 2615 
6 1186 8353 7680 8077 3324 73 
8 1651 9071 4415 7014 2462 8230 1935 7943 
6 4405 9836 7483 3472 4005 3737 
9 6695 8787 2642 9737 1831 7153 4148 8276 2840 
9 6783 1815 2123 1111 4274 592 4936 1542 2463 
9 3817 113 7319 2654 4772 2433 7367 9184 6792 
9 9523 7293 3396 2754 8998 9072 2018 3298 1705 
9 6002 61 9996 1102 5847 8031 7753 2593 4189 
9 9305 3743 8055 1908 6597 5909 6225 3020 5812 
9 2356 9820 4112 1685 7143 8334 5136 5842 6665 
9 1305 1794 481 313 7516 257 9865 427 5296 
9 2912 7114 4080 376 7924 9919 7408 6477 1213 
9 6706 8302 9804 4819 8160 7285 4385 258 3850 
10 24 567 4863 871 9624 6602 8526 2379 6614 7833 
10 3149 7186 5540 5917 1660 9826 1486 7892 4998 7059 
9 4059 585 9452 2216 2857 538 5877 1713 4022 
9 3156 4098 1734 4657 388 1071 4730 8340 8622 
10 7040 9670 212 3338 2893 1525 7720 3868 4751 8308 
10 7861 6418 7224 8991 6484 3135 6256 5151 6371 7290 
10 3457 902 6567 3117 4532 4942 8525 3548 5505 8490 
9 3869 696 6410 6173 819 8745 1119 8702 8119 
9 4495 5237 3910 3778 9238 7125 3519 5580 9764 
9 6456 8104 3740 2075 4625 8672 2092 8619 7713 
9 84 8158 6125 3530 5176 7497 4465 1699 3120 
9 5335 8271 6547 3315 6678 8284 8356 1751 4987 
10 5086 6044 1251 3066 9158 5481 2670 7835 1118 5159 
10 8708 9291 4648 3116 4584 4212 8473 14 329 6227 
9 606 1879 8254 5124 3173 3027 6259 134 3620 
9 5598 6135 6536 559 8099 3389 8006 78 9726 
9 672 5341 2538 8348 7971 4924 2214 7050 3111 
9 920 3049 8586 2825 3829 2125 940 2747 3741 
8 9283 9935 4507 5344 3767 7195 9540 8430 
10 5885 1414 2782 6729 7316 9784 5498 4380 1341 1293 
10 2432 6649 1024 7867 6247 320 4340 7519 4925 7496 
9 7928 6269 6875 6634 7068 9462 9732 3742 5758 
9 5299 4984 4184 3433 5064 3216 5570 4390 4399 
9 9707 3692 965 8940 3507 7094 8975 1478 913 
9 6807 9046 6327 767 3731 9444 9966 9999 8106 
8 1543 2296 3833 4636 2021 9153 3809 437 
9 1888 4536 1524 2178 7609 5705 4573 1847 962 
10 2949 8420 6155 448 643 5794 155 9588 5533 464 
9 6815 9187 8566 7934 8780 8767 7536 8982 5776 
9 4090 7455 1363 7534 4074 2142 539 1442 4735 
10 7965 1735 2426 2338 5674 285 8881 5898 3703 3903 
9 2571 2507 2074 657 2330 6226 2549 9862 2155 
9 8179 8848 6220 921 938 9403 9519 4753 4054 
9 1664 6654 9267 2000 3439 4043 3178 2481 1009 
10 8703 477 7546 378 967 624 8632 440 2698 7105 
10 88 580 8699 533 8188 5635 2204 1554 9258 3256 
10 8175 5381 1406 8786 9138 3278 5908 9788 4412 4823 
9 4586 2714 2690 6526 6904 6102 7815 4052 4298 
9 9514 3988 2436 4107 7882 8326 600 2812 1562 
8 4637 3245 9109 5557 7267 3650 1706 8156 
10 2135 3471 1697 9869 2406 4939 6560 8568 5147 8543 
9 9409 8728 9495 2470 4559 2768 5164 3864 5348 
10 445 7064 5887 9751 9817 1428 288 8565 8061 9648 
10 9325 3333 7585 3512 7342 9474 905 6564 9840 900 
9 3855 1492 442 5156 3669 5394 2582 9048 5646 
9 7429 7709 8447 7579 1016 6129 5763 9750 107 
10 423 3281 6877 8410 8167 7176 698 5802 4572 2851 
9 2720 29 7320 9030 4029 6319 3689 1821 879 
10 6277 2986 1384 6430 3940 8661 9055 486 5664 1823 
9 1833 7864 1625 5920 454 6495 8679 8929 6470 
9 6263 6961 3138 8995 3986 946 3272 3890 204 
9 117 5402 2523 1252 3751 928 8886 7056 2411 
9 1866 400 7557 7387 4470 7528 2678 9301 5044 
10 1335 2941 7553 5017 6133 8815 4419 558 8946 2983 
9 5300 2324 5517 3325 6907 2191 6362 4361 6124 
10 5445 2327 315 4830 8809 3905 3828 3515 6914 1322 
9 5235 7229 7768 5662 8373 2777 3091 7218 446 
9 9003 1993 8459 7097 8028 9880 723 3330 4337 
9 2869 5971 6053 1430 6197 6363 3061 6499 1131 
9 1097 4842 4511 935 5260 5658 6801 594 3028 
9 297 8489 1177 4854 2359 4144 5997 1427 54 
7 9976 7799 2742 210 4744 8599 7376 
8 5440 1228 9385 415 2122 4135 1666 7458 
8 8640 1113 2198 507 249 1286 6072 218 
9 8962 3409 8902 1046 8667 6462 3161 2237 6060 
7 1315 4788 1142 6647 4523 1546 1367 
9 7401 5161 6239 2382 379 6692 1789 389 7487 
7 8840 4387 3368 1676 4802 6855 9910 
7 5192 6424 457 7239 7501 8200 1190 
9 9679 3555 2026 6076 5426 8793 9372 6207 6322 
8 9140 3540 332 6762 1037 7280 7432 7133 
8 6831 7911 874 5626 5169 9436 798 8994 
7 713 5858 9613 81 5919 4604 9967 
8 3307 2166 318 2984 4249 4810 5281 8934 
9 700 3168 2512 825 4709 8239 6581 6382 2448 
8 8329 1724 5954 6293 8244 3508 8000 7228 
8 9752 4066 1860 2056 7113 3145 5742 4320 
7 7399 5615 1970 6645 384 4325 9600 
8 4525 2774 6200 6340 1721 6548 2265 7844 
8 7956 4877 7248 4493 584 3163 4321 8080 
9 4839 2316 726 9586 8464 408 2177 9986 7181 
8 3253 8587 5295 3566 8038 5864 5573 631 
8 3549 9979 3651 3779 5914 5317 8422 1216 
7 2883 2008 3334 9100 1459 174 240 
8 2917 489 5491 9289 8245 3088 3312 7460 
8 1005 7198 2495 6222 3694 5975 5604 4220 
8 4150 6529 493 8173 1433 943 129 2806 
7 1515 3527 9845 7438 7383 5067 5895 
8 8477 9675 7210 5711 5437 2343 8047 2308 
7 3167 6662 1959 2171 1695 4949 6 
6 3607 734 6004 2981 5780 3638 
6 8204 3104 2881 9897 8571 3367 
7 4071 9216 8739 7662 8111 5985 2499 
7 9619 9901 1421 6480 4317 1018 8124 
7 1138 6633 864 6245 5679 5969 6600 
7 6901 6160 4084 908 2486 264 8718 
6 8731 2589 209 6825 8605 1284 
6 4494 8792 9735 39 5444 89 
6 4379 8024 9744 881 4329 766 
5 6198 3655 4629 8788 3207 
6 9847 6794 3430 6610 9360 5434 
7 375 1512 4624 5593 310 1956 7146 
6 2465 3008 9636 2541 7655 7997 
6 303 8342 8892 8546 9418 6018 
7 6663 9581 6735 6744 7506 1736 9097 
6 2519 957 6884 4065 1844 3870 
6 3442 8509 211 6238 7147 3310 
6 1978 3990 3739 7075 2620 3733 
6 568 9402 4255 4450 3225 8330 
6 2061 8395 1323 3729 7990 7600 
6 9084 9649 2147 1143 7061 5072 
5 1757 8086 6208 9346 4818 
6 7070 6607 9579 1922 1998 1594 
6 6412 7318 3758 2112 3086 7678 
7 5324 4687 1773 2649 4588 9914 1015 
7 6670 8564 7028 3557 4838 7362 8251 
7 3629 6694 9463 9702 9019 2099 8433 
6 2695 3257 9011 8719 2445 7771 
7 5970 5222 8073 854 3230 9740 807 
7 187 6228 8458 5377 5553 3824 4127 
6 5693 8029 1023 4736 6830 8893 
6 2247 4475 5307 4006 7015 3337 
6 5868 5343 9503 9044 7809 2269 
5 7561 8290 2751 1061 2709 
6 6466 268 7020 2717 6515 9693 
5 4214 9920 233 4420 5254 
6 7952 6150 7373 9763 7909 7937 
5 4309 8520 4836 4070 1344 
6 3371 8189 1206 1785 9515 6935 
6 7119 9090 7314 7684 1555 251 
5 5717 789 1529 3709 2669 
6 1992 7711 5721 1319 5513 995 
7 6822 6965 6740 7196 7613 6143 3749 
6 5018 622 7329 7284 1027 9049 
5 3693 3311 3193 23 1114 
2 9377 7773 
6 1867 3030 7379 9249 3827 8762 
5 6541 9985 4048 4469 6365 
6 7657 7088 5562 7453 5886 1691 
5 8950 7891 7464 180 6514 
4 474 4717 872 7482 
2 5441 2951 
5 4758 5245 3614 4138 1022 
5 6381 2944 9251 1246 923 
6 4078 8102 1002 4528 5478 8046 
5 1273 6724 4352 5371 8727 
5 8292 6913 3362 8968 9359 
4 7444 6591 3252 8625 
5 9563 1208 5226 1586 1374 
3 8192 1626 4181 
3 3381 4941 3388 
5 4435 7779 1381 4417 1680 
3 9925 9824 229 
3 7355 7122 9803 
4 1269 4467 2866 820 
4 7929 368 2758 3288 
5 1040 7346 9186 6090 3265 
3 4411 3341 8048 
4 499 2412 4868 0 
4 4058 1973 1376 3861 
4 3055 5332 3936 7760 
3 4011 2887 2134 
5 5934 9864 4520 8553 5979 
4 9313 1778 1067 4483 
6 1209 1194 9349 4646 613 8885 
2 1399 6753 
4 1560 6745 9954 4557 
6 3090 1803 3291 6583 9509 7476 
4 7957 8711 2053 5578 
5 3580 7108 364 773 1107 
4 666 873 7972 3705 
3 2297 1146 5071 
4 768 1874 5903 641 
3 3608 6190 7522 
5 4948 6377 2939 9663 9099 
3 1192 6463 6960 
5 2735 4644 2212 9868 3887 
5 1776 3147 3760 2430 7182 
4 549 6912 3539 9520 
3 3708 8303 9723 
4 1563 9483 7025 4898 
3 8965 4027 835 
4 7862 6879 6527 605 
3 8578 5091 8730 
3 8184 8071 978 
3 7325 9287 5950 
4 5649 9252 6517 3630 
3 9449 8967 4471 
3 4829 476 4793 
4 6039 8306 8402 2298 
3 311 3358 6686 
4 8878 7804 1159 8606 
4 1105 306 5968 2693 
4 9913 5983 2528 3134 
4 7913 2718 2346 9451 
3 8227 8563 8070 
4 8758 3321 1339 4996 
3 6403 9927 7632 
3 9550 8088 8824 
3 6321 4887 1140 
3 2015 2176 7206 
4 9121 4796 262 7904 
3 3578 7575 7581 
3 2418 6544 9489 
4 3696 7347 7110 2007 
3 7468 2288 7621 
4 6031 5991 1000 2491 
3 3654 2660 5059 
3 563 2736 492 
3 7109 7227 7433 
3 1178 3202 8596 
3 1135 1817 8253 
3 6252 3647 1855 
3 719 9459 1880 
3 4679 7716 3560 
3 8670 5982 9530 
3 2384 7948 6834 
3 7013 2573 1545 
4 8773 5480 3491 6520 
3 8890 2591 4301 
