0 
0 
0 
0 
0 
0 
0 
0 
0 
0 
0 
0 
0 
0 
0 
0 
0 
0 
0 
0 
0 
0 
0 
0 
0 
0 
0 
0 
0 
0 
0 
0 
0 
0 
0 
0 
0 
0 
0 
0 
0 
0 
0 
0 
0 
0 
0 
0 
0 
0 
0 
0 
0 
0 
0 
0 
0 
0 
0 
0 
0 
0 
0 
0 
0 
0 
0 
0 
0 
0 
0 
0 
0 
0 
0 
0 
0 
0 
0 
0 
0 
0 
0 
0 
0 
0 
0 
0 
0 
0 
0 
0 
0 
0 
0 
0 
0 
0 
0 
0 
0 
0 
0 
0 
0 
0 
0 
0 
0 
0 
0 
0 
0 
0 
0 
0 
0 
0 
1 5836 
3 6161 2620 5562 
1 4171 
1 8385 
2 5227 3748 
3 8268 9882 3634 
1 5723 
1 2367 
4 7801 6217 2804 7947 
1 6051 
2 9527 1766 
2 4789 1921 
4 4674 5915 8683 7907 
1 4916 
2 5681 2659 
1 900 
1 6065 
2 3504 7326 
1 592 
2 4977 5885 
3 2134 5033 2504 
1 6614 
1 8696 
1 2507 
4 2061 7859 2630 4361 
5 3212 3941 4865 7348 7264 
5 7024 2114 3409 7292 647 
8 4483 5947 3301 4232 613 5212 2406 6164 
7 7038 838 6851 2708 2447 2227 8618 
6 7768 2892 1511 4244 5884 3232 
9 22 9499 9707 2256 8764 4509 3125 646 8636 
6 2788 1537 8758 9528 7547 8009 
12 7418 794 5343 1662 6204 7881 5340 705 3550 1065 3739 4275 
17 9273 9322 1012 8848 9436 3063 1070 9292 183 3047 303 285 1400 6803 9649 6917 2980 
21 3623 4933 2489 7078 7491 9810 1918 4555 8866 3852 4441 8656 5663 6089 9061 7289 3697 2075 9995 4014 5517 
27 306 1260 7952 2242 3558 4799 1370 2763 6406 6741 3888 5695 9507 3895 5287 3432 6759 5977 3999 1843 2117 8515 587 6776 8092 3555 7272 
26 9933 8063 2701 5522 3997 9533 9990 8316 9839 8446 3028 7199 9283 6726 7500 4191 481 976 7098 2361 8863 2438 7389 3995 9924 7260 
35 6475 4195 605 3537 1804 2536 9059 4562 6015 4460 2092 3893 2981 2237 4839 8975 1858 8480 471 8419 6064 8452 139 1208 2655 6541 2328 2819 3289 6883 2829 764 6480 124 1627 
32 4006 1421 2633 3836 6643 4395 6470 6553 3683 452 4825 5848 866 4277 1819 9197 645 4493 3885 6736 8662 7250 267 5341 1995 7644 7810 3653 451 6842 1315 2480 
33 5377 1080 7177 4053 6395 7338 3185 1028 2097 3035 2720 3622 877 32 1401 6453 6530 8414 2792 9922 774 6894 6805 3823 2079 7074 485 2510 3207 3664 1607 8360 7641 
38 7552 7161 1024 4009 6767 6299 5303 4745 4575 7580 886 8659 8989 3010 8915 5767 3920 7018 6930 7733 4738 4389 8198 4972 945 5143 8157 6241 4850 7868 7121 9476 6311 769 3970 4707 1864 2518 
33 7721 5188 6369 3195 2983 7671 1189 1861 7990 345 7973 5800 3495 4113 2727 5806 3419 4763 6043 4668 3523 2476 2374 2392 754 3459 1119 5650 5543 3468 2215 8898 4300 
35 2221 4730 5138 1258 720 2919 8499 1564 6367 9158 2500 1145 7893 4280 4378 6384 6850 4847 1623 2941 4786 4725 4626 1617 9259 6593 7228 5538 2718 1486 9463 9971 8819 2783 1445 
36 333 4249 7992 6016 6779 8790 6686 9781 9308 8258 6820 7370 510 3502 6375 9931 4676 9119 6977 5154 5957 4498 2490 2861 3497 8521 9496 9945 4255 399 6709 4561 2306 2670 5204 7215 
41 9145 7219 7707 906 1985 5990 2258 5580 8239 9362 1602 4941 9793 6456 4667 7612 7919 7233 5972 3370 6302 8319 2307 490 4719 9294 8048 9775 9210 6694 7101 5009 8306 3938 9778 1288 8353 3872 6732 537 7456 
39 9832 6992 3339 850 1964 2236 1276 4313 250 2433 980 4263 4040 4945 2705 2408 7989 8137 8787 214 2219 9419 507 7438 8491 3077 5979 1159 1232 5381 6209 1951 6201 1509 2385 2441 1638 4339 3436 
39 6885 3643 3598 9073 8530 3733 4567 5683 3651 927 7468 3330 3506 4892 71 7549 6457 3801 6156 2527 9683 5614 5733 1480 2598 4939 7274 7562 5019 6602 4593 9576 5725 2703 6397 3349 4791 9873 4184 
42 8033 9913 9470 1037 4480 3150 1795 6794 8924 9622 106 5439 5474 2735 9575 6813 5852 5579 143 1452 6895 7556 2889 6466 8587 3046 9846 4330 6034 9541 3223 3469 9301 2694 2065 1474 31 4698 1672 2532 2565 6491 
38 3660 34 2012 4034 421 7723 3443 3669 6361 4004 1219 7743 9500 3191 1214 6612 7443 1968 4637 6451 8242 1088 3359 2200 6863 7573 488 4982 3307 5558 4790 8747 8535 9863 9774 9444 6650 6135 
43 2446 8492 191 3324 9966 4715 2479 6125 6658 3854 6205 8914 2832 3254 4489 70 6651 9007 1085 8814 1838 5727 449 5590 5567 6617 307 9783 4861 6118 9245 9146 7501 3586 4993 3713 4228 8987 3308 2400 6332 6810 9700 
41 5260 9787 40 6620 229 53 3949 3783 7880 8517 4931 2083 5904 4898 7423 7645 2577 3778 5265 539 8578 1173 6079 4103 1338 7225 279 3843 7293 3526 5088 5155 3848 5946 5764 7166 9927 3522 8589 6865 4331 
43 7136 9460 5564 1036 8885 2578 6421 738 8375 679 6389 2470 4264 5508 9910 2986 2548 8144 4379 6829 2534 557 2369 95 4814 2593 3824 840 4879 5267 3445 8361 2317 897 823 2553 7453 1765 5586 4592 2985 6974 2681 
40 2603 9822 4803 7744 7543 4408 5224 8257 7866 6218 3887 3086 4856 8760 7531 8106 9135 8842 2845 2251 8283 2692 583 3329 2886 3732 5858 3617 3206 1506 7977 6103 8112 7411 5549 378 6821 6320 6179 5208 
39 9351 8400 2 8841 1715 6520 5912 9745 3871 261 734 8668 9593 6454 8844 9280 6026 751 8490 6226 7546 9209 1584 5899 8331 9946 6165 1072 712 5873 4624 5702 6818 9679 3328 4699 4353 1185 6014 
43 5455 3640 9559 5333 5423 5210 1093 2637 8673 7392 9949 5293 400 7036 8245 7275 5828 5847 3199 4713 6846 2888 5541 7353 241 8271 8800 5630 4491 6401 786 7454 4296 2072 2250 1279 9099 7677 2031 3202 6969 6088 2423 
39 2098 8544 656 1818 6030 9120 3405 6966 6566 4621 2409 9044 7703 8602 2547 8294 5497 3981 4723 7620 5737 5037 3113 5495 9641 3255 2688 1987 7311 217 1447 9539 4459 856 4981 5859 2594 4965 5690 
41 6130 6096 6062 6461 2777 16 6445 6348 3267 9599 8873 1149 3770 4110 4062 8917 4504 8939 2463 3759 4417 8807 3897 3799 2740 1351 2988 268 7476 8064 5264 2210 7857 3447 3111 3369 3607 8986 4586 4685 9837 
44 7320 2223 6319 328 4481 6463 7798 7579 4227 4001 7016 7896 4452 9240 4289 4652 1622 5279 3631 6085 3360 8963 664 57 6653 7803 6078 7143 4086 5923 4464 867 4024 5992 3577 18 3135 181 6327 2268 7764 7697 5240 7010 
43 6613 4114 8568 8177 7421 2715 6748 2815 593 4181 6826 6994 8235 8627 6276 790 9482 8215 7846 9490 1553 6228 1052 5718 4970 8196 7514 508 7373 6923 2196 8326 5445 1112 9865 787 9041 6901 2123 8290 1268 8351 2338 
42 2849 9581 286 6879 2557 1976 3306 1210 8884 3703 9803 2774 3465 5274 5235 3229 9368 353 7076 6999 8352 6174 2010 2015 6607 9469 4623 7585 9239 1273 5871 8359 1455 3257 5571 4905 3752 5569 9535 7903 1954 7559 
44 5588 6897 1035 9202 3659 7699 6102 4739 9963 4673 6099 6744 1895 1132 5976 5397 3262 4869 5768 3705 6253 9800 1830 6743 6924 2653 247 5617 5431 6949 3969 1355 4563 765 1481 7486 6838 4367 2448 501 5948 8132 6061 9914 
43 6599 9925 1573 9957 7448 5914 9408 627 171 4278 1593 8609 8256 36 4559 2509 1168 6773 5352 2014 7077 2617 7238 96 4125 4800 9534 9701 2650 1984 7057 4772 8030 8088 1017 44 5459 4479 9505 8187 8539 2007 3386 
44 7851 4501 726 3471 7335 5553 4400 2860 5020 6985 3001 7110 2435 5757 5502 1671 7536 4544 4284 9655 6728 6484 7953 8279 802 5076 5174 2972 4868 6505 591 658 6144 151 7252 695 195 3649 3041 6028 2041 8784 4771 582 
42 6340 436 3833 2855 9755 3950 2767 9382 7383 5654 2918 9485 996 7931 4527 21 1158 5592 7596 387 8691 2666 580 9050 8599 5989 4070 2592 7325 1476 4007 1362 5190 1005 4505 6832 8981 3197 8640 9330 5410 7460 
42 7318 4967 159 4390 1113 1148 5632 9751 2746 9097 2622 1784 2158 6559 9314 8025 5314 6814 2852 8231 4617 1905 5646 131 9630 6009 9671 3535 9401 6132 2081 3591 1318 2896 9557 7604 882 5161 2380 9296 6017 5707 
44 3042 9692 2803 2330 276 3932 817 4248 7488 5351 402 5396 383 2274 4432 9883 2243 7387 3490 3121 1097 1744 7696 3477 3692 5730 4955 6953 9717 1903 179 4429 7535 423 4242 2443 7618 1958 9705 6184 2814 2957 8753 6588 
42 7833 5383 9417 3972 4214 4777 4655 1612 8746 8410 1998 5253 2707 925 2909 5983 8047 8507 3771 7290 895 264 903 8972 9040 1578 8674 7051 3093 7627 6116 6355 6239 8179 9253 8520 4291 7478 9438 4708 4875 1177 
44 2772 377 8366 1842 7638 3476 1863 2535 1969 5318 8012 1770 6919 2937 7765 5068 2230 1493 1935 2606 6098 3132 5202 8926 9312 3814 1495 1450 2602 9807 2641 2816 9605 6926 3996 632 8994 2269 3457 4257 1211 2386 212 3517 
44 6056 2440 7337 4989 1186 5113 2396 3707 2144 2841 6703 8454 6286 3934 2001 6344 4095 8206 6849 3795 9068 2056 305 8355 8168 3213 263 5485 3880 6827 6685 562 1528 723 4121 1633 349 3239 4026 6988 2904 951 4254 4576 
44 8854 9038 534 6640 3679 5669 2145 3612 3696 3847 5353 2531 8828 9491 9854 1693 3398 7334 4873 7958 2859 5024 7043 157 5752 6220 830 5479 7732 97 7211 9357 2089 7139 2285 7505 1947 1316 205 5256 950 6390 7187 6090 
42 2586 8607 2864 5136 3383 5112 2037 3455 768 5726 8111 6446 5302 793 7784 7610 8253 6674 4612 8956 5840 1873 2077 6462 4129 2568 7889 6712 3007 4499 2180 4558 1912 9486 814 2778 2848 9767 7008 2213 1367 4678 
40 295 5325 280 9037 3333 6459 9129 5612 62 7637 6309 2797 8154 3678 833 9110 5951 5281 239 3819 5027 5720 2315 8960 407 2070 6734 454 4876 725 2199 3676 2427 9878 1834 8195 2143 1350 7066 2611 
40 7426 2191 2795 7011 5115 9632 2752 9428 682 1340 243 2039 2558 7727 5480 5169 3134 133 777 9902 6742 4112 8614 6905 1941 1523 2696 3787 3200 5011 1669 469 1626 7602 2834 5844 1313 1653 9969 9478 
42 2635 6791 2765 8170 7529 3044 9130 8693 589 393 2770 117 6300 4193 5322 871 9090 4344 3124 9906 2984 6749 6380 7212 56 4656 1732 6789 4886 1343 7302 2421 6501 5719 6797 6011 9613 8024 7371 2556 8307 6207 
42 7080 1143 6154 5721 2813 5310 1380 7773 2154 4221 3299 9853 4900 8974 9720 4818 6862 4547 907 8149 1914 2185 1876 5040 1013 2113 8984 8403 3915 8570 6126 8411 5316 9610 3588 6745 3959 9904 4552 4516 6537 1635 
43 1808 8090 5326 1330 479 1745 3291 3266 9773 8865 4948 2450 6312 7455 6711 2426 4988 2878 109 430 3944 1461 1636 5648 9077 3109 4787 5043 4159 6004 4198 269 1646 7658 2884 2751 8002 3710 3583 6074 7841 6133 3708 
44 9738 3265 3076 4754 6093 4870 4717 3524 8261 2048 2912 2391 8649 4521 8783 3774 995 3986 3364 2495 6386 8094 2428 3646 8362 9588 2697 4648 2321 3248 7283 3428 3749 2764 4810 4620 4999 3572 3988 5805 990 7885 2561 7162 
43 1785 5160 9248 8227 1751 2469 3295 2966 785 7842 5323 2129 5176 1427 1431 1092 2867 3020 4100 8345 7312 1726 3437 5546 9387 7932 7779 7832 2639 348 5929 1077 242 506 607 2376 5819 486 2712 1015 1255 1001 8879 
44 7643 3562 8406 8523 5529 6970 8438 2353 8820 4903 5229 9272 2853 2027 5510 6037 7091 822 3515 4430 8611 2817 3054 9196 169 999 4645 6725 8571 8692 2277 890 885 146 1966 5101 889 5711 9320 4197 9615 6564 2157 7936 
40 3039 1817 9194 6720 502 9052 6790 3050 6379 1542 9571 8478 8251 6515 8988 6033 2255 8813 3011 1056 1774 914 4373 2034 52 8667 5931 6247 5641 9333 7567 1997 1685 4531 5882 196 4872 7246 518 8805 
41 3249 4469 4236 7439 1983 3781 1250 3757 2167 1198 3203 435 2179 111 3166 5413 7000 8413 1948 4382 8761 5114 1887 222 2290 255 3433 463 9234 5762 7391 9631 1878 3214 3015 6013 6798 8416 1801 7996 9958 
42 1434 601 5801 3533 7494 2512 5516 3323 3907 2018 2609 1932 2322 1344 1980 4201 4591 5282 3629 6192 5962 6502 4477 5378 8190 5775 8082 1702 657 4211 1200 6259 3309 8456 7128 7713 4571 616 4237 5729 7533 5921 
41 691 8644 7205 4166 5555 2042 4966 4910 5005 2569 6676 1917 1127 565 9976 4435 1163 529 2818 7532 4743 4551 7831 7924 1673 2564 6443 2192 4333 8021 3338 6723 5589 7714 2812 9805 8516 7553 2716 2528 9741 
39 6933 8546 8128 7395 3051 4279 5566 4784 4628 5610 8679 5376 3780 1897 2071 9921 7950 4212 7830 1459 8109 4855 4213 3512 775 1736 618 6232 9566 5902 8079 3023 6478 2422 892 6068 1295 9161 4594 
42 4172 1938 8468 2332 5903 665 1197 4622 873 9831 7375 3830 5748 9289 6979 413 9815 9917 2020 8455 9072 3382 1507 2949 8999 3820 5487 3728 763 1561 5626 4206 4403 7600 6465 77 6041 6358 3645 3472 3285 7417 
43 3190 3145 9594 3128 8286 9042 5109 1776 4587 1217 956 2794 3803 2403 2280 3797 9821 4906 3488 3356 6272 1498 3609 1496 1567 6104 4438 478 8997 2112 3736 1251 3087 6108 1061 2115 3014 427 7856 5849 7319 2155 9577 
41 2150 8315 8121 4994 4099 5895 4834 504 1677 9565 9880 3715 4370 3908 6171 3548 5395 5894 9862 231 9390 8732 1927 9427 6877 9174 2292 3244 7826 7095 5872 6592 6317 5515 218 7386 453 47 2781 7422 7492 
41 3117 558 4349 182 1365 9304 7295 4573 1430 6500 2591 3170 9457 3777 7812 7450 636 3310 6941 5063 643 6175 1571 4525 9551 7428 6900 6987 1384 4073 4729 2074 2336 4008 7616 6415 5667 4422 1106 362 85 
44 654 5955 5756 4765 4660 7481 7742 4716 515 3731 3917 9892 5390 1007 9548 7082 1172 1915 8248 5761 178 1856 6345 8129 112 7813 1213 8199 8868 7571 433 7145 5735 2162 6911 1374 8685 5261 9962 7731 448 8216 4364 419 
43 2600 5524 5939 3878 6765 8049 2906 3380 3716 2295 740 2232 3905 4190 6824 9771 1329 4266 6693 609 5664 125 3441 4177 3108 6111 5248 4010 7410 1087 8098 2880 9373 9468 7055 9335 2393 6506 5734 5432 1150 265 6441 
42 4141 5147 698 3701 5917 1398 6556 9391 7464 2745 6212 1222 4724 8309 8593 6574 9704 2699 5108 3136 1094 2540 9794 1616 2663 536 17 1286 5754 7913 1356 8010 808 3351 7477 262 9398 5950 6639 946 7722 2107 
44 7245 5673 3775 9820 336 9506 663 6876 2801 675 8920 8076 6328 5278 7304 5311 1444 9116 3246 9844 7344 2424 7265 1664 6134 9564 6621 3293 424 1884 6549 6937 1534 543 10 7354 9582 8559 9900 5372 9650 655 7718 8909 
41 3183 9155 2698 2496 8952 7922 5483 7331 9258 8954 2057 3326 3644 4247 3865 6697 648 741 9309 3251 8426 245 9609 1840 4094 7040 8304 4853 7027 1955 4816 5145 4485 3084 5615 4138 6833 4590 6513 1690 7021 
43 9282 6982 6543 554 1192 7982 5128 7985 1448 1588 7408 408 308 7960 8292 4145 5366 360 54 4383 3241 6878 4294 3923 3180 1457 2695 9103 5631 6087 742 1775 8676 9449 351 2294 4038 8845 5276 2273 2530 7315 5211 
42 6781 9742 8504 3119 7183 5127 4151 9669 3238 1095 3019 5796 3821 4938 4736 3105 4844 4153 8892 2877 2724 6684 9959 4748 5268 8534 3319 1240 2402 3394 6468 4133 8428 7498 983 8777 5582 5937 1967 2895 7153 6804 
42 9159 5062 7781 1896 2241 1670 3099 3264 1855 7249 1042 6049 5157 7240 5887 7598 5547 7815 8857 3834 2184 1406 2671 7075 1713 1352 302 3378 4826 3916 6381 6458 9479 1129 312 9034 4584 7100 818 5029 825 3818 
44 493 9440 4057 5195 4909 1554 1907 5542 8293 4942 2334 9393 1032 1096 7257 5601 3982 4511 1147 1029 1451 9252 6539 1391 1789 8119 8900 7710 5362 4269 4041 7301 7360 9221 6339 3547 2706 3168 1105 3161 119 7978 6121 9154 
42 42 746 1062 4951 6888 487 1772 9139 6753 9825 216 8564 8741 4025 3304 7955 7503 1526 2355 331 6010 600 4992 1866 5409 4843 887 2702 5103 4987 3372 6589 3689 8922 5657 7601 7683 1404 2008 390 8514 8932 
39 1753 1492 8971 1066 5751 6973 7482 4867 4323 9540 7561 9324 6535 3742 6287 1709 872 3879 3065 1936 1068 4335 4819 733 2319 3142 7507 5745 9693 3053 7512 8393 4369 4615 5466 4820 7094 7806 6835 
41 3425 4049 9243 7787 3772 3987 6032 2555 8108 8594 1592 4116 9172 356 2552 1694 3392 6354 1319 9300 7247 8675 9877 3599 6861 9999 6968 7684 6035 4711 748 8163 5785 3688 4608 5936 3354 2902 3633 2661 1363 
44 4904 9340 3288 5941 2604 6003 2570 9175 8162 4286 220 2782 6616 6244 6866 5100 1688 2062 7188 4835 8616 237 7298 7701 7909 5662 8158 8023 5773 524 967 7940 827 2934 5709 1900 6289 894 6654 4841 9698 5375 5470 2149 
43 3592 1965 9887 188 144 8733 5585 1293 970 7467 8646 5637 2542 6268 3280 7761 1825 1920 9179 673 3461 5095 274 1383 9323 414 6058 7479 9083 8 8467 1989 7197 932 6887 8770 6533 940 4532 7965 7608 9510 8311 
40 4065 1599 1893 8740 2263 1926 9268 1913 5478 2673 2744 4809 2142 2175 3882 4888 8943 1402 832 2944 1103 4148 8373 2882 8310 1058 9199 1084 401 1782 9101 948 2063 4196 1705 7788 3381 5930 1990 6172 
41 9058 9215 2766 1734 8356 2305 7475 8751 6657 9147 7691 6221 800 5935 5862 1120 1589 1960 2314 1188 585 9673 4109 8837 2270 5980 6682 5194 7797 6831 3593 2284 3066 4884 6761 509 1010 9383 1484 845 5823 
44 3153 8669 9288 548 9685 2693 7230 2036 784 8281 9238 4069 9936 2477 7597 5763 1360 1880 1320 924 3849 1223 7725 3616 7515 2432 4893 2341 6739 7133 4372 9230 7819 7749 8075 8622 6499 1209 1798 8060 340 4775 3444 1154 
41 3516 1030 9166 8297 1862 6168 1600 5307 3049 473 530 3745 6740 257 1309 258 6025 4919 1870 4829 2464 4258 494 5539 7425 5708 9085 3792 3874 1827 9167 1869 3154 8247 7280 9934 3148 5845 4345 7471 4188 
44 9141 6638 3482 9568 350 7084 9033 678 6766 6292 8320 771 5424 7489 8460 2176 1871 1104 9979 7267 8801 6735 7860 6208 2372 4332 8135 8804 7093 6020 1394 3597 5364 298 8647 9201 2883 1393 5870 3072 9645 9838 3876 4131 
45 5604 8724 7186 6497 1339 6231 8130 1220 1515 343 9909 3858 1485 6331 8912 7462 8466 9871 3314 5766 259 7321 4368 7012 7692 1169 3805 9709 5655 6140 2023 6219 7530 1202 8853 2612 5686 7583 1800 9710 7223 6573 3059 9255 1199 
45 8725 3877 7216 3937 9251 5997 432 6150 8421 7668 8201 3040 4185 4044 4638 5597 8147 5291 2913 9664 7663 4045 5048 2982 8713 7044 4522 5755 3376 6039 4604 495 9341 5339 9638 7897 4705 2784 8100 677 7107 9573 5551 1099 697 
42 3511 8453 6347 5528 5185 6871 2323 5 6551 9955 4734 5406 6584 4396 7390 5412 223 6719 3390 1761 7493 3026 4080 7836 8843 7563 1748 19 7170 7398 9379 4409 459 2302 4020 2261 396 3816 7852 8443 7886 531 
45 102 2993 7613 3656 5213 4217 8053 5400 2166 7286 899 5125 9350 8377 2064 3341 5687 6705 6460 7404 8826 8185 5438 8348 3672 635 7155 9624 4299 6792 9611 9269 579 3691 4912 11 8811 7342 9572 1930 9134 788 3403 3554 9418 
47 2368 7609 1846 330 7115 6936 4046 3992 979 2106 9456 7915 2541 926 3912 943 8628 4334 2935 4515 5600 5367 8255 6426 713 2287 5790 8087 440 9929 9337 5288 5094 8091 8881 8664 1311 5624 1580 7717 6136 5809 7050 5774 6498 5473 1911 
44 6440 1641 4494 5130 2418 3027 5668 9190 3680 2468 606 1440 380 7202 5821 4679 8652 5647 4431 7400 986 3464 7035 5104 9024 4312 6334 9509 1246 8429 2515 7971 7041 9305 1328 4267 6907 8146 1762 2737 9474 2901 7555 519 
45 6950 5370 6683 4751 8481 4824 9702 4152 4005 8992 3722 164 5296 5570 1310 5975 3791 3286 5694 5411 3321 2973 4420 4120 7171 5808 4610 7217 4752 2272 3337 8397 3789 5449 9879 6909 2597 2962 5996 2731 8750 2915 7322 6173 1648 
42 9861 6330 8207 4122 4807 7120 2252 8193 5783 941 6036 6738 3130 9737 9254 670 8284 3290 8861 7809 7114 3753 5978 1469 8908 8116 2521 2118 9516 8822 9682 6066 8742 1108 3998 6251 8935 574 7861 7474 8180 7341 
43 4115 7179 8590 8903 7253 5116 8445 397 703 3272 4672 6874 689 7651 1074 5963 5290 8855 8142 4943 1137 7378 3458 5295 6512 7262 549 6346 6095 8102 3165 2025 4366 3930 192 8165 8272 3719 7772 5481 8167 3642 3116 
41 9888 9561 1468 1556 9492 3951 9095 3411 7158 8462 5218 3114 3100 1243 8577 5584 8159 2188 9703 5451 5259 8436 2151 1221 9047 3552 5272 2174 46 3217 4932 4426 9377 5812 1874 497 5960 8151 7294 6843 7234 
44 2734 6808 2381 3929 5149 1491 7380 8083 9967 5148 3242 2838 964 87 5822 7876 2802 9247 8448 5869 9466 3585 8630 4139 6565 7069 8295 2684 7632 3973 5111 3270 5892 2579 3655 9020 8363 7518 6052 8236 1540 966 6546 7502 
45 187 8551 8394 551 9522 2769 6961 3164 4156 9302 7988 1944 6978 7483 1555 3481 6138 6707 2539 3435 4132 1023 2560 3514 234 4317 418 1117 6315 8396 3737 807 5283 3140 7594 6774 1529 2964 4360 9208 731 3057 2481 5361 6511 
44 3883 2452 7539 9200 928 9079 1325 4084 5066 8417 1521 1342 8506 7629 619 4178 4657 8967 4582 1962 1847 213 8871 5820 2224 6353 7823 5399 8817 2676 3793 5004 2588 1443 9508 3352 3098 1543 8830 5231 8270 2668 3107 9600 
44 1179 962 1187 626 4632 5472 2472 3762 2212 9678 232 1009 209 541 8469 3192 8013 4728 9689 7355 4599 7509 376 7058 5214 947 2945 1403 2798 5205 7366 6700 9298 4859 5452 3224 1716 3800 1396 9687 5736 4548 4635 8629 
47 2209 7822 4246 8447 9646 1410 6407 6283 5713 3346 3033 572 2687 7541 1839 6236 2722 8004 881 9993 7213 6018 6143 4160 8338 917 5758 8759 9525 4534 2026 4035 9944 5338 935 767 8951 6560 5017 8802 6577 4877 6360 3138 4512 8631 7652 
44 2265 9764 3503 6265 7636 9352 1758 7144 4304 8381 5433 5742 2961 9437 7869 2725 893 9855 8296 6129 9448 2220 8883 3096 9852 7218 5493 5422 9626 272 1844 8071 3561 7465 50 6659 6583 8084 843 1881 7004 6038 977 5666 
45 8172 7828 4922 1040 6778 3914 9804 8613 462 7976 8176 184 5223 8263 2233 9442 3018 9087 6989 5000 2121 7288 8864 5994 5332 981 6837 7676 9465 8186 1563 6314 2958 1922 8748 821 9903 4927 9112 2054 1601 368 9866 4881 9982 
47 7995 2517 2335 8969 747 4239 2430 5520 443 4093 5058 150 4385 4889 9186 9842 1532 2647 4019 1405 4402 7346 6873 6414 5943 633 4059 9426 1763 6527 1190 8856 3189 728 5576 3990 6579 6799 8940 1518 621 2170 4793 7424 3580 9343 960 
47 1408 9246 8183 2954 8565 3866 82 1890 3755 555 7441 2950 7278 6162 431 2194 4857 203 7753 3127 1544 8512 9160 7844 1409 4727 101 803 6045 355 3945 1101 7193 7862 8998 1297 9881 2978 2721 7991 8244 4274 4643 2456 1791 4502 7527 
48 1572 6227 3492 3693 227 7581 8547 9150 3373 81 7538 7054 4642 5105 8638 2843 7664 1233 4127 6434 6378 1128 8066 7388 8882 8688 4614 3890 2929 4924 1471 8525 1090 6605 7034 3725 7904 5243 5120 374 6335 20 4580 4380 9987 9452 3334 1508 
48 8946 3611 1425 9591 417 6655 5534 4560 4250 4817 489 4183 3587 1420 6163 6097 4292 2100 7824 2656 2465 6024 8390 9002 1294 7307 7564 6376 7236 6050 5186 7961 9749 3666 3017 9574 4849 8923 9569 2987 3842 2627 4936 2345 3345 3868 1946 75 
45 5634 6021 1271 7251 8586 8906 3744 434 5499 8365 975 8423 2538 1477 6385 4028 3794 7949 8020 4161 2730 2704 3377 7758 5239 7834 5554 3776 1201 7168 944 9639 5814 5319 4012 4733 6366 9148 5196 8105 6404 1345 7655 4747 233 
45 3123 474 7984 4170 6155 2350 3278 8120 3881 8727 6027 9795 5878 789 1089 888 9908 868 6449 2842 3449 5839 6063 9344 3525 700 904 9262 1656 5636 9614 1992 797 6855 1331 5140 1372 9886 8219 4666 5398 1550 6157 8470 5644 
48 1717 4322 6257 3782 5965 4896 60 3557 1923 2439 35 6652 1882 4341 2457 8840 7407 7863 686 7308 680 2761 2082 8422 5373 2658 2111 9596 1224 1741 3222 5572 9009 6373 1722 366 9265 3374 7287 113 2885 9353 1629 8070 5021 1738 6647 1651 
44 4078 9054 1312 5334 8566 968 1429 6073 610 1547 6437 6764 9338 9851 9818 9067 3494 1747 8775 1314 2171 475 669 1272 955 8702 4406 9928 535 6571 4233 7686 7452 5824 8706 1731 7154 3712 4437 3083 3279 9544 4625 9860 
45 4466 9328 4474 7042 1614 2506 1016 9974 4795 6341 2410 3480 3675 4641 9056 6069 5329 8347 8089 710 7005 2657 5581 8610 3886 7912 1376 9487 8563 8156 28 8806 2831 1982 9948 3426 7052 1378 732 6012 4518 7837 2349 2296 7207 
47 4768 9284 2607 1956 9743 3630 3746 4200 9761 1138 1750 6902 3182 4205 9554 2613 5403 1899 5550 1799 1244 1952 7682 559 7126 6323 4693 9587 6487 4202 2997 4991 4854 8212 7113 5437 4210 942 1237 7770 6503 467 4058 2969 4111 9558 4915 
46 2822 4523 9872 9960 5467 1704 108 2244 9806 6000 8072 8726 9665 5228 2136 1253 6971 1676 465 2928 1166 2033 8115 1482 2739 7615 2821 2110 3231 3162 3085 5078 8795 3965 622 7092 9198 7619 3706 7125 8555 6008 8228 7921 4767 7899 
45 389 3236 9662 5944 8080 9227 4957 8003 6815 4983 1994 385 7379 5053 5700 7415 5704 3825 9502 5405 8604 9222 9672 4128 1063 6048 6991 4164 9471 2045 9901 4686 6081 3726 8735 7967 4108 2926 7730 2976 12 6823 282 6806 5738 
49 2921 7584 4107 275 8125 810 7929 6234 9785 779 3610 3332 8006 6427 6274 8349 6160 1883 1218 5036 8562 7942 8665 6486 2080 1249 8780 2508 9264 3043 4321 5389 3718 8839 3714 7420 6047 8474 3413 8632 5091 25 566 5926 8225 6737 9410 202 3082 
46 5371 3256 2636 3361 9131 6416 9951 8074 6922 6242 3186 33 6817 456 7755 6630 323 3835 3194 5603 5890 1261 5122 6433 6282 5652 3574 6494 1652 2344 342 6529 2208 4308 3133 9789 661 8672 3936 860 2911 2059 5042 4097 849 6413 
46 6812 8698 9740 2793 5492 4318 3618 6374 3845 9721 5052 6112 1541 5457 74 8040 6412 8224 7672 9677 3453 9303 2390 3034 66 2125 7081 4482 5628 6336 8138 1757 7685 5494 8209 6019 6070 2383 9620 8241 6447 3451 7970 5635 5284 1298 
46 5777 2830 9447 8654 5077 5794 273 8936 837 4314 2394 3619 4454 5010 4137 8944 974 642 5701 2685 1483 9217 3175 3271 7184 4756 8773 2425 2087 3371 9144 8524 155 4968 9680 5225 9291 9277 6293 6660 6169 2959 2487 6264 4690 6632 
48 5959 5354 8545 1539 1712 8710 4802 3172 6237 8714 1283 971 7870 9078 8642 5071 3340 4124 1708 3955 4440 8591 3095 3983 1894 4226 9098 4492 1781 444 6939 9676 4187 3761 176 2773 1755 542 5184 5342 978 717 2514 9723 3956 7178 496 1993 
49 1999 3423 773 9445 5966 8919 7449 3954 6995 9549 7203 7361 4703 5556 6793 841 6523 743 6318 4272 2924 9833 2316 3269 2682 1504 2869 2130 4106 6326 8269 2271 3549 5335 2733 410 6370 1478 7140 8836 3661 2203 8409 8487 5609 1473 5851 9827 7688 
48 6229 6669 9498 9584 7979 5462 7329 5999 9625 1076 5883 2279 5170 141 7981 7748 1011 7352 7345 5661 2153 5219 2551 2342 6100 3343 4700 5741 7829 4143 326 7634 7160 1335 6886 6825 9348 1583 1347 2248 2264 2749 7089 7631 836 1503 3375 5273 
47 8220 1466 6956 4303 6770 5740 8017 2756 1267 9115 7715 132 5079 4356 9182 3802 4158 5055 6225 2474 7525 9372 5347 6701 7276 2348 4421 1488 9659 6249 599 5139 608 9926 1274 2471 9205 9450 2109 8779 6828 5907 7968 3024 6947 5988 9941 
50 1711 8184 1125 5984 7611 1139 9128 1597 2147 9397 2710 1674 4377 4589 1836 4388 7472 594 3546 1524 9249 6368 5080 6114 1829 5716 5732 9616 7558 7763 5484 226 6476 8827 3414 6788 4285 7582 162 129 4979 7998 8043 1470 6783 5685 6240 1212 5269 2894 
49 1959 602 4662 8432 1021 4068 3855 4386 2339 9735 8754 630 9394 9954 8528 3176 9317 8260 1002 7554 1650 1280 2370 9996 4230 5270 982 5643 884 7181 8921 9779 1940 8457 9911 9319 2669 4036 2865 2282 1527 7923 3940 2828 4683 4866 8479 9799 2994 
50 3590 7545 7574 9257 1807 4769 9811 9627 5313 9754 6618 2762 674 8812 3500 5911 9375 3603 2320 8145 4375 7104 5450 1358 693 9430 9617 5299 6403 2806 842 7285 9867 1970 3000 3933 7137 4569 3910 2483 4042 651 6867 8953 7843 9580 3957 1991 2791 6479 
49 9413 5552 8653 687 5938 1590 9039 5826 952 5182 6746 2429 7980 1282 8322 1193 6567 8122 6800 4519 4428 2790 8435 5427 1458 6540 4146 1613 834 8041 7357 9758 6333 9271 4234 3862 1110 1086 8433 6769 6260 8736 1449 8658 556 8731 3769 277 9204 
51 3831 445 8579 3025 7402 9747 9104 9606 7519 1462 5436 3804 1133 7526 1777 5369 5523 4363 878 9412 1797 1389 6429 9501 6915 5230 6696 6432 379 2485 461 5098 5038 8444 1164 9432 7085 6194 1381 7445 2545 1877 3614 4631 2308 3993 9869 5489 6149 5991 7756 
50 1574 724 4671 846 2890 1779 5345 8166 9484 2218 5744 1854 4722 1194 3711 468 525 1259 8318 4101 2780 5428 9118 7623 6692 8550 7053 8860 8519 5003 5419 6695 4618 829 165 5607 2240 9013 9503 7734 9661 9637 2779 4346 9422 8585 3101 4963 2494 4901 
51 9180 4661 9688 9826 7031 7496 1205 9219 2459 304 6580 4355 9165 8581 6944 437 1679 1872 332 2522 545 911 3798 8008 2833 3220 965 4072 9483 4033 4934 1640 6120 6195 8869 9386 1696 315 5792 6342 8648 2046 7119 8637 3493 714 2789 3030 6561 711 3399 
50 2922 993 3704 5967 7173 3519 961 2384 6113 1737 5117 1300 6822 134 1996 3544 110 7847 9529 4684 2397 9092 709 55 3806 1885 6706 6439 8051 3204 1632 9998 4742 8303 3967 3012 3738 206 7902 752 6139 1790 2626 7595 6667 5054 7926 9388 8887 7577 
53 7576 1833 4796 9942 49 8118 7698 1675 9076 721 9263 9719 5925 9406 9619 1302 9270 2595 8055 9173 4720 5818 3846 6115 6352 9081 1892 30 2060 815 2714 5642 4310 8155 9567 2128 6110 6270 3342 7548 1605 9472 5765 6899 5359 7457 5380 7542 7938 9188 1235 5320 9212 
50 3448 8407 9443 9538 4797 915 6402 1499 1124 5082 1465 2126 7239 939 107 4874 2161 9203 6606 7906 1395 2590 1371 8278 5417 5072 5786 2979 8276 1848 6400 5236 8671 4860 5469 5321 8340 1107 8427 1841 2638 8527 8803 6704 5275 6633 1678 2493 2809 6216 
49 3875 1386 994 6214 9441 1014 1051 1059 5308 5868 6516 5368 8285 7359 8264 7111 4958 615 7131 7935 2124 4147 7300 8015 4371 2032 1439 1114 9276 2407 3790 4023 1565 2580 9519 6477 6733 963 8985 826 9032 1281 1728 6305 4954 2371 7654 9643 6301 
48 2417 482 7704 8934 7695 4650 8052 5460 8439 1239 3292 4104 6167 3625 6750 230 5146 1083 83 2643 4456 2887 8639 9411 1453 3853 6223 381 9156 2723 2726 6285 6964 6243 1663 1703 2102 4000 8576 3208 3859 8810 2088 3120 5374 1928 9015 4605 
50 4052 3240 9031 5336 7397 6928 6482 2640 7323 6278 8418 4298 5506 3427 5434 3532 4241 2513 84 3146 2066 8821 603 6716 8254 6362 6786 1606 5001 1033 1336 9017 1806 9644 7640 1157 3566 2377 3538 7073 828 6619 2214 7544 4490 1891 1697 2016 7049 2084 
52 5876 13 3384 6425 9361 3316 7458 3735 6869 2013 4144 2642 9235 2674 4550 7046 8483 6364 521 8505 6585 7432 3584 7884 918 8007 6450 3344 9830 1886 2411 4056 2473 9429 4806 4154 757 4324 5888 6986 809 4450 2095 7791 426 9080 796 4556 4923 9768 1637 6627 
50 8980 7794 1130 6785 2649 5153 2169 7367 9980 706 1740 9629 7406 9939 5312 7045 597 7291 7071 7097 3434 4822 2891 5073 5504 9060 48 958 2462 3499 9553 2229 2246 9473 631 1296 4216 5250 8905 4336 7523 3070 1333 1786 6495 5787 5591 1399 3918 7540 
48 9168 3968 5613 6931 4503 4507 9984 2965 3702 7986 1760 7299 4015 7369 1657 7660 4325 7835 5035 4533 5578 4410 4986 9 8796 4424 7778 8028 1161 7248 6417 4595 6307 4649 5866 9834 3221 9306 8188 8275 8729 6059 2567 2357 9542 6371 9847 9354 
51 9014 2163 6668 5049 5041 8977 9019 6382 3 3671 3122 2608 6859 9315 4953 7592 8042 2654 620 2646 135 3110 8769 2416 4603 1853 3894 9232 938 9297 6628 9776 6083 2662 9532 1284 8301 9493 6679 114 7019 614 6943 2478 480 8011 7002 8062 503 6730 6202 
50 4189 2146 4949 7511 553 2836 5247 2573 1417 5226 9907 163 5706 3091 185 8937 4545 4588 5355 1692 739 6914 5420 3507 7589 4098 2546 8329 1456 4838 1654 9653 9266 7762 1803 5920 3966 3624 5684 4265 8789 2197 6717 1227 9023 9765 9071 953 126 5486 
53 2758 2672 8085 9213 1595 7394 1520 8540 5207 4629 919 5867 7878 4048 3667 9660 6084 6715 5749 3606 7377 5791 5834 9278 5998 5833 5152 6471 6611 8497 2181 9070 5927 7070 9711 7814 5544 2461 1687 9062 5039 88 3527 1812 2709 641 9293 7900 7593 7399 4063 6596 4347 
53 3440 8099 3075 7606 2086 68 3921 2963 3331 3620 9286 4627 8933 1368 190 9495 4055 363 7614 8330 9952 3454 9497 5162 2354 6182 831 153 2970 5531 8461 1973 7231 8367 3031 1043 5179 1026 9171 9132 4484 7461 8045 5660 9713 251 8164 1820 3985 2444 7537 2719 5107 
50 8424 4616 8364 2847 544 2005 2755 6910 338 7679 704 6622 3103 3647 6550 7693 8798 1986 8894 7771 7059 7282 8686 9464 8722 198 5842 3102 9560 6965 7578 5357 9985 4439 3365 2455 4755 8344 5722 4651 8136 6431 2311 4702 8582 3958 6271 2249 7063 5193 
49 7653 1472 7297 811 1348 8431 4535 1278 5940 309 9096 7381 9961 4282 1203 8249 848 2009 7419 1228 5192 6648 1144 6948 5093 3368 1552 9355 9513 6946 8684 801 8626 6023 6641 6642 5961 4427 8838 5286 8955 5386 2571 2572 103 6266 2850 8387 3810 
50 7883 7382 4392 9117 3856 9850 896 4186 4697 5860 2677 173 8718 4315 4117 8723 7401 6531 5059 2040 5083 2373 2900 2977 9008 6398 9091 9876 9796 4149 4946 3594 755 4894 9897 5616 5656 8785 3673 7659 9977 3841 4907 8110 253 8959 3962 1739 9431 1397 
53 9670 1048 8896 8730 5608 2365 8927 1275 3763 2395 6681 221 4530 1004 9989 3520 1725 2624 5879 1423 3925 38 9035 2857 1754 9651 3686 7586 2939 6670 6757 4570 324 8313 370 72 6193 1334 3509 284 6420 9225 6 8965 1305 7738 4895 3840 4352 8412 7165 5561 9346 
52 78 8561 6488 4433 2583 3385 9884 4455 375 5051 6464 5102 7891 7347 9084 6267 1301 7062 4665 7875 9728 8907 228 7328 1642 2903 2675 8621 9290 7385 2187 4496 1906 5825 1502 2022 4778 2750 148 7565 3861 5932 6080 2491 7332 2094 8895 5491 9094 6269 7568 8465 
50 9189 2091 6557 1364 2351 6258 4442 3396 5968 6322 9899 4858 3275 8022 1707 2331 219 5023 4497 7802 546 2610 4295 6187 8925 3730 6945 5540 9736 3837 7129 2133 8107 8113 5047 9137 9663 7657 1162 4342 9840 4319 1181 5747 5678 1464 561 5050 3188 8799 
51 9371 4581 3169 6578 1860 6819 5263 9384 5251 6481 8651 4677 4394 8572 2728 1888 3724 3320 3362 4443 1548 4290 4293 1796 6213 6892 7882 1530 3605 7172 2216 3325 1625 7624 9521 5563 8069 2458 5710 2619 5995 5408 4270 6569 1115 6377 2119 5257 2067 1868 969 
52 8141 2805 5262 7708 1746 7358 6890 7384 2195 1053 7667 908 4307 1865 3079 2917 5301 6872 5659 569 4262 584 3273 7712 9845 382 729 7013 4669 6768 762 2488 4842 4653 8767 6896 8930 1979 9125 2875 898 9036 6662 9633 2257 4947 1446 637 936 624 7911 7649 
49 4974 3452 1060 7487 3560 3005 404 5680 3898 215 6519 8050 7751 484 9425 5183 8518 2055 3892 7039 560 778 6954 8337 8334 683 7962 9681 9122 6119 8226 6760 4261 6839 9511 7372 6645 8357 9226 8382 2503 5016 2732 5221 5633 6673 1327 4037 8314 
52 9053 9111 1568 352 9727 4996 8797 3919 4 4607 6844 684 3541 4487 6547 1730 576 8993 8325 4140 6191 7108 7873 9228 1934 6809 2759 4157 5804 9757 9712 3740 8425 5385 2754 7964 847 4928 154 6514 6934 9603 1570 6467 4155 3478 3946 6921 9586 8941 2786 4978 
52 4935 929 5535 7946 6151 5537 2933 3811 5181 5945 4309 7086 319 3430 8641 5843 9376 8213 7925 8573 4833 8552 954 9824 3446 4761 4351 6629 1832 5971 3891 1931 1265 8056 8496 7241 1234 3296 458 1018 699 1538 8554 4646 9374 2501 4682 4680 7123 7362 2217 6422 
48 3387 6603 816 3505 736 659 6351 5448 4636 4391 7191 9864 4478 1354 9327 4542 5222 8889 1182 5533 564 8878 6291 5782 6591 512 3662 2043 8333 3596 2453 8230 1901 6131 3924 2486 9691 7480 7987 4468 9124 7517 6532 9894 4890 8402 4956 5674 
52 3491 2182 2202 7015 4808 8503 3867 9636 9515 294 2101 9229 7872 5850 4524 1098 5838 8689 3313 4990 7195 7838 9216 9370 2686 5854 4633 7587 2576 6075 3067 5447 2975 7023 1619 438 9965 364 5933 7204 8888 3699 7933 6077 8772 8533 2776 7789 4384 7997 1665 7134 
52 3060 8404 2297 7720 5583 6493 9956 291 6444 2664 4887 2346 2873 8897 4692 9583 5159 9531 3215 5189 7409 4864 1290 7009 8222 6337 3700 5006 8762 6998 4549 6940 6365 2484 5778 5891 5807 1949 6536 5518 9657 1857 2729 4664 3196 4973 9064 4224 8744 4135 6159 7917 
54 835 4764 1387 7030 5069 1531 2482 8833 8872 6255 7865 5682 6990 174 499 1759 8274 8211 1307 7305 1248 1206 2325 3635 9187 6908 8189 5220 9923 5067 1828 2419 6724 388 3822 3245 4405 6870 1569 4920 1814 3768 9063 441 1714 2533 2537 3311 5285 9003 824 1533 9556 5638 
55 681 6424 671 1824 3628 4338 5156 3694 3350 2186 9817 8624 791 43 9898 5639 9006 3989 1516 1121 3402 1069 8824 5200 1585 6665 7025 3568 1054 6350 7673 9295 6288 6938 5463 3788 5271 5414 118 1388 142 6913 1546 3163 3727 8343 2691 2844 7156 2999 5317 3062 1071 2678 9932 
52 5266 6423 8502 8440 5973 9756 2599 2293 3518 7485 1236 2298 3297 9648 6538 2281 4630 9153 9420 8617 991 6210 6581 140 8476 9207 2204 1146 8597 2193 8288 5627 6124 4162 6526 8947 3029 7446 9275 9206 7892 5217 8633 6636 9905 5795 3274 2523 8574 578 5418 7414 
53 719 1587 138 9718 7222 416 5881 9378 8890 1560 8765 6731 2375 7028 760 5315 8700 8123 9260 6185 2030 3431 1867 161 6206 4081 3807 5909 3889 4578 4883 2283 5394 211 5688 8233 992 1075 4508 4245 8430 1953 708 8014 2991 9759 8846 1428 321 6435 2807 9918 2103 
58 7138 934 9988 4447 27 6200 1924 6623 429 540 2051 931 7180 7259 8711 9223 93 4273 4251 2499 4880 9149 5045 1226 6590 9051 6763 9043 3721 6772 8650 9666 3978 3137 2312 8034 1581 9647 2164 1823 1116 3964 5623 727 959 293 4449 1475 296 1815 6784 3173 5032 6722 3474 5779 5044 6405 
56 586 1769 4473 957 6152 5557 7894 7351 3462 5258 3126 2024 8663 5348 7201 9395 4969 200 6675 3388 7661 3144 7209 9526 5175 2946 8666 1262 406 1963 1308 2645 8498 5026 505 7999 7635 3253 7550 3097 2073 6608 6455 1699 1500 8818 7754 7647 4411 9912 5215 7029 3758 4762 2956 2907 
55 577 9211 3198 4060 2554 5898 69 1175 3442 9816 2358 9640 8234 1245 9546 1238 9415 4031 5090 4163 4374 1889 9012 6238 6780 7032 9694 4598 533 6721 3674 3129 8707 64 4654 7943 1216 7821 7434 5743 3935 4283 8738 5180 6408 517 7807 617 3467 8037 2585 1551 4418 9770 4659 
55 3922 5046 1925 6001 3235 1816 702 598 2141 2343 6177 653 8756 4597 8791 3904 2738 1904 5277 6277 5514 7767 8862 8815 3416 3543 8859 922 4199 4011 4471 6166 1536 568 5810 4453 649 9005 8086 5676 4102 2628 8449 5649 4039 7376 9065 4984 6181 1263 8918 4268 4897 6952 8395 
55 5835 175 7132 5097 8246 2000 6250 1700 3582 3177 6211 1055 1794 8970 5784 3417 2289 8493 7670 8131 6918 3637 5124 4136 3456 1490 7157 6544 5075 9453 7310 6841 2364 1346 1950 6343 6678 759 8705 8473 8059 2002 1902 7339 5776 149 8302 7521 7214 6755 9829 6542 9607 3857 6575 
55 9151 2851 6891 688 23 8386 446 9732 5349 4050 8237 4926 208 2840 590 1151 5163 4134 1898 9220 7330 2799 753 4168 9857 4520 3839 2044 6298 7130 2019 6006 5982 6714 9021 2299 5150 8537 9920 7570 3397 7017 9369 9849 7303 5560 6534 1266 7930 3601 6637 8619 7805 5970 2288 
56 8858 7324 8383 6597 256 8870 7244 9592 2930 1025 7176 4495 1487 7944 7800 5772 252 6436 6708 1837 2629 8677 3563 5770 3078 7941 9769 3828 9547 8031 5622 7626 6396 2660 8420 9518 3976 5099 9142 4528 317 6848 4463 735 7048 9524 3943 2505 3760 1385 5780 7741 2925 6942 4585 3595 
59 2139 2652 3860 6687 7569 1407 6092 5855 8471 8966 9520 8500 513 6393 7513 0 6795 4079 3813 5501 8214 7766 3277 7340 403 865 1929 3812 8378 7431 7853 1122 3400 6518 9595 538 2029 8291 8608 2827 9105 6383 6196 5753 2621 7895 5300 37 3112 1682 2862 3717 41 8776 9748 8298 9782 3570 6906 
60 1579 4804 5645 6980 9868 4773 3501 2876 2971 3410 4123 1681 4192 9915 8834 3281 5670 2680 4640 8588 3648 313 5509 5906 2808 7336 1695 5442 225 2743 3926 5426 8475 492 4027 5056 297 1225 8259 7208 7083 913 2932 1463 7669 1501 6316 8962 4681 7551 9170 2866 8979 2105 6029 4461 4540 4998 2623 4964 
60 3016 8097 666 8961 612 5771 6857 4091 1067 874 9612 7232 8766 1441 5022 3573 6912 177 1810 2562 7374 2078 2011 4921 9654 1933 3685 6137 8035 2800 1661 3786 86 5505 7221 8847 8720 500 1291 2460 3900 776 346 5715 9623 8104 7520 3729 3450 4688 7152 5593 575 1655 8374 9968 2968 6680 3071 3826 
56 2234 1577 7566 3551 4757 26 3575 780 5829 7790 9241 8046 8093 7022 2247 1411 2601 1326 6472 5119 6609 59 3298 2412 5803 6993 6176 6552 4813 3152 7072 8175 3418 7994 912 7879 4911 3539 1006 1078 9597 3977 6702 6782 6086 7524 8695 5985 2938 7951 4827 3218 8774 8768 3529 5002 
59 6261 152 3756 8948 7793 2785 5653 6245 7650 9123 3391 8681 2058 5714 6522 7061 9753 3167 7709 8358 9178 6672 8391 4689 394 1321 8191 8038 989 3896 6418 14 7737 2327 985 5464 3088 7447 7127 246 7825 6372 707 7254 2543 9176 9364 8929 464 6222 3909 1634 8197 5092 1727 6626 5789 9697 63 
56 7678 4077 9814 1512 5532 4794 5476 4327 1442 1123 1558 8526 236 6128 2908 8001 2771 2525 5900 5133 3608 4782 2178 2260 9218 3317 782 4090 6338 9823 3567 5594 5252 325 5841 6967 3569 6604 672 7269 4606 137 3022 1183 8308 9069 1978 7746 1287 4961 287 7174 5717 7194 3531 9138 
56 5014 9858 2550 5837 5324 6294 8543 6664 9836 2914 5724 2352 2138 5693 1689 4358 8553 4083 901 9126 2286 1256 7811 300 8335 4696 7429 123 1170 8601 3211 6438 3927 4051 1977 2309 6775 3773 9088 3052 4220 3357 9550 9108 7666 2360 3510 9022 8018 2990 5430 2796 9152 2467 3808 8114 
58 3709 5057 4260 7343 528 7014 2858 6363 7279 9790 7728 1165 7327 7777 311 1167 3156 9451 1039 4579 8369 532 7983 2825 6178 2382 9261 2589 4215 9668 6698 6594 9734 386 5573 5123 9162 6528 1252 9746 7786 7198 3809 7444 7255 3627 3838 5232 8606 79 9143 8522 8880 6325 6955 8682 411 4329 
57 7277 3815 3827 3991 4568 5475 5886 5129 7864 6983 2747 8584 7149 3479 7065 5587 9762 1610 8477 5856 1435 6183 5699 5309 9983 8605 9414 6836 2811 8148 367 7200 4538 1341 398 7628 4399 483 3600 2449 4536 4971 8287 3947 6661 9819 2927 1811 6308 4811 3979 9991 3589 1851 6625 3952 6091 
60 6570 7633 4830 1191 8657 5197 8592 1247 3201 170 3953 1241 7147 7607 2359 9585 8831 2238 9675 4348 8486 1242 1207 4647 9231 2116 4952 5488 3094 8371 412 2615 337 4414 2278 9140 4740 3602 5331 2625 5799 3466 864 9028 7599 4445 7182 4209 9433 5305 2824 859 6141 9517 3796 3421 3663 9841 6898 9895 
63 8786 8595 2713 750 9336 9791 9589 6474 2614 6410 4165 1961 1131 1229 6634 2313 3604 5168 2303 1792 7135 4792 3484 7068 359 1045 8661 5441 8509 6510 4862 9729 7167 4240 9066 1195 812 7848 1156 6054 5853 6558 6984 5165 9938 2159 9048 8405 2856 3002 2454 2618 1576 9285 3779 1975 8305 7435 371 1559 2810 4871 2388 
57 1134 7148 4760 3247 4574 9075 2152 8073 6889 4710 5086 1264 158 792 7910 5446 7117 7605 9870 2132 9889 391 9562 3553 4565 7816 1176 7118 2404 8886 9552 9455 2225 7124 2757 3869 8757 1231 7103 6958 4770 1910 8600 7736 7451 5085 3498 5521 4105 1957 235 6490 5527 5698 3530 3080 6246 
62 9106 1109 2823 1764 314 3460 89 2228 3259 4917 7845 2519 7769 4486 9477 662 2266 9725 4444 8874 4174 4204 7522 5568 5106 798 2262 9287 1972 2165 4930 1494 9326 1353 3961 3641 6884 7898 1780 744 4475 1591 1850 4554 4863 4675 8508 9722 9608 8739 8690 3219 4908 442 581 5813 6881 8743 9100 6235 8816 2451 
63 8103 3766 6845 8472 395 1805 498 8875 3682 2526 6864 5949 9590 5166 1412 5167 5916 7296 8441 9994 1304 2511 4500 5238 1647 3565 67 9750 8538 7150 3147 5135 7088 5346 1598 8867 7206 756 3408 2910 4357 9981 8312 6349 6107 9313 6158 520 9331 6273 1479 4326 6022 7617 6203 7090 2275 5928 9349 3540 3870 870 3767 
66 8598 4071 7760 3210 405 7871 910 2399 8778 7575 9752 2768 5525 6485 4030 9356 365 8968 1735 8398 5425 5407 4997 1683 9970 4306 1849 644 5137 4092 3415 4423 1467 522 4218 2300 6644 4328 9169 6962 2445 248 2131 2596 8161 9396 1733 4203 2172 5141 6852 8451 8127 3542 4150 9667 7711 1375 1943 8660 3406 2942 2431 869 511 7887 
63 2038 2378 8267 8152 552 4169 1377 4311 7020 1152 1631 7436 8634 1414 5596 3439 8000 7916 1081 5142 6188 2028 2846 4564 5404 310 3174 9618 9010 3003 844 278 3389 7102 1057 9570 299 7210 9046 2420 9730 8973 260 9195 4225 6391 2575 2566 8485 7306 197 737 9978 4271 4337 4619 638 6496 5621 3829 6656 8548 4644 
63 9392 7937 7901 3104 9136 839 5865 766 2304 2140 6313 8697 3851 4553 2920 4302 2748 6411 7316 5512 2318 9798 6666 1419 3545 4021 6252 1460 3695 249 805 3061 1719 3684 3470 2951 5565 7591 6146 7333 8300 5164 3485 2605 6067 4537 2529 3521 6801 3438 640 4061 8542 9953 9244 8484 8782 6094 9786 4526 3901 9358 694 
65 3873 9714 94 4634 5595 4238 3312 271 8949 9224 9621 8615 5416 6868 4252 4175 7349 3486 3489 2679 5861 9733 6847 8655 3336 3228 3407 3863 3975 5249 6646 339 6811 9381 4167 8990 2631 1416 3013 716 3276 7314 6394 3751 122 8181 3564 2356 9859 7169 1153 2177 6076 9082 455 8081 8893 3652 7729 8501 5712 5877 6663 4419 6787 
63 3216 5465 8299 9157 3258 5908 4458 667 422 3844 3283 5797 6816 5901 4231 8913 8488 3429 1609 3654 4003 6860 266 3850 2122 7939 8899 1003 7237 1418 4602 1701 6624 3250 3463 9421 335 5013 2466 7141 2259 6777 7067 7874 1332 4142 6290 3626 9652 7687 4510 8823 344 7858 4840 2329 852 3366 3106 7270 9555 9802 9163 
63 8078 7914 8372 7855 3665 1660 6796 7752 4436 6275 8950 9772 1604 9494 5435 6359 9461 8793 5969 409 358 2989 6357 7268 8832 2050 527 7459 916 1621 9256 4779 8752 3657 2326 8529 8139 6649 5393 100 9896 761 7959 104 1438 8280 7827 6254 7224 9318 857 8032 1974 9788 7413 4412 2189 2544 9731 4256 9109 7775 7796 
65 9191 1813 804 3720 9360 523 1424 128 1140 2940 1756 1422 2168 8910 9777 1639 8958 6057 1174 1306 3158 9339 1802 168 4831 2955 1000 3055 4376 4425 9458 322 628 6996 2549 318 9400 2006 6802 4557 2047 7079 6853 9316 4301 8380 9843 3658 4781 9399 8716 9004 9181 8788 6631 4798 4381 8077 5918 3092 8317 8771 3038 447 2936 
68 8044 3902 2156 3209 7313 7175 7918 563 1100 8327 3764 6005 571 5144 3118 9242 15 1160 5759 6615 8687 8904 194 3785 7243 8808 5793 7928 9809 4914 116 909 6145 6399 5993 3723 9424 9325 6170 6807 1517 3068 1720 923 9530 7783 7506 8704 329 6834 988 3294 9972 1031 8323 3424 2405 8058 652 9947 3734 3355 166 2291 1522 6587 9192 9403 
63 8450 660 7229 7639 596 4701 2442 5241 8324 8282 7416 4126 8549 2775 7572 9467 8532 6295 8541 5074 4413 1269 5070 5382 8877 5811 5292 2998 1091 5611 3393 6044 5191 7271 5731 8370 7196 3960 905 7350 9016 2898 5421 9102 3395 8173 2787 876 5234 7440 8203 4222 7463 6920 127 2616 7261 9579 6189 7854 5392 2254 6148 
67 3187 1826 4852 7642 6671 9366 8835 8513 5237 1822 7442 6718 9937 9856 7974 8178 9183 9133 4017 4457 3069 472 1549 7680 9089 4223 7785 334 2389 9365 4179 1919 7557 7702 5356 2475 3677 7622 6758 3571 180 3261 244 6691 8703 5620 136 4744 7954 6031 6840 6858 1277 4741 2559 4407 8708 8376 9563 8596 5618 696 8945 341 2582 5987 4087 
70 3636 327 8709 2711 7096 5889 3899 8851 9635 5461 6925 5658 7116 6123 6554 879 745 9943 6419 6854 685 6473 8238 9274 5121 1349 2835 3058 8511 6310 4658 858 8482 5306 4546 8124 210 7757 2206 1047 193 2231 8336 4596 2173 9345 8379 3252 5087 1945 2222 8719 9402 8635 3613 783 8202 9950 6713 2093 5344 9828 5526 1369 8928 7470 3913 8096 8392 973 
67 6198 6392 6197 625 1038 7235 5934 4944 8026 9385 9940 2239 7957 8250 9454 6105 2301 7621 3243 7356 1603 9885 8876 4229 5350 4577 8350 1034 1489 5691 2148 5015 7007 1171 8223 7656 7700 9598 6904 4118 3184 1645 3638 3089 5444 2127 7716 1324 4013 8126 4173 8852 7220 5575 2398 5402 7705 6153 240 4695 145 4354 547 9724 4539 6576 5255 
68 4182 7674 2996 5008 9992 457 9699 7969 460 7026 357 5456 8575 9027 4096 4393 4828 80 420 8262 204 4929 2183 8153 9127 3743 1908 4002 1742 855 2235 7242 9334 4918 1392 998 270 4750 5187 7437 1 2492 8321 5415 5605 8208 7646 9801 7497 4663 7665 6281 7799 8408 7972 4746 121 8117 2498 1022 9916 172 4962 6442 2267 3006 8194 7364 
68 4891 526 3233 5500 1691 2874 1909 1835 2916 5151 3139 3347 8266 3225 8494 5863 8737 2021 7993 4885 290 5384 9690 5781 3670 6927 2120 997 2897 4749 4343 6601 5817 4276 1535 4340 6521 3650 4902 7808 2333 4541 595 6127 1379 7963 7226 1510 1513 9744 7818 5363 2905 9193 4176 5677 6040 6916 4517 415 8218 3074 491 4714 3422 2587 7820 3227 
69 6507 8849 8039 1415 5503 3681 8415 5675 3322 7060 1049 2049 3412 5126 8991 930 883 2337 8911 1767 6572 1118 9363 7037 7466 2760 4732 5018 715 76 781 9792 4288 58 3401 1413 9299 8200 7630 8210 5880 7365 1611 1845 8459 5697 3475 5893 2366 8557 770 1155 8388 4362 880 7490 3948 8749 730 5559 6972 8792 24 3008 5953 4235 3021 1793 1289 
71 2584 6042 5919 9049 4119 5233 6600 9695 5031 3903 6756 3367 8204 289 2053 8957 9708 4975 4950 3528 3984 3205 5496 5012 4691 9093 1643 9835 4047 384 8931 1292 9739 8332 9279 4925 2632 8140 7146 4488 7795 1050 604 4836 3327 1710 2700 8054 1426 6957 1432 8354 6109 3864 29 372 8556 8252 692 3157 7192 8068 65 6762 3404 1027 8583 2952 1773 4821 5453 
71 5482 4960 7735 3832 2563 2090 4543 5245 8134 2205 5387 8829 676 6504 6563 73 4639 6452 320 4566 9986 9848 3513 2207 3234 51 4726 8728 2068 9780 3131 9057 5905 8938 4583 1046 1135 1142 8942 7681 5746 3287 6963 3884 3928 7510 4451 7495 1649 9656 7 5203 1019 7905 8169 9602 4848 1337 6324 5864 8712 9642 9045 9423 1323 1270 5513 5897 6279 8694 3143 
71 820 8057 9601 7047 476 4766 90 8027 3149 8464 1608 7603 8277 5896 7151 7412 2644 3741 9310 3151 5401 5769 1971 9634 392 718 2651 2052 7105 3315 6882 7056 6082 1102 2967 9935 1706 4365 7499 9011 8029 7273 8133 8171 5246 4609 5750 6555 5458 3178 7266 3750 1658 1041 2160 3994 4721 3045 634 2211 7164 806 9030 4913 7817 1184 1875 8240 4712 8265 7368 
71 4611 9435 8346 5388 3911 8399 854 3698 5815 4937 4476 3009 4718 795 6262 1390 9462 91 3420 6409 8005 1064 7745 5490 5297 9281 2943 9919 9332 292 9628 9311 189 92 9250 9359 7363 7033 611 4207 514 4470 5692 4305 7433 4837 8016 1729 8612 6297 5625 4208 1514 5922 6880 9514 6751 9686 2104 8567 4287 5536 573 439 1079 5216 6142 3159 8964 8670 470 
73 5832 3363 5030 1359 5703 6729 8850 8781 6046 7516 4415 2524 4018 1575 5360 5201 3300 8463 1525 1433 6230 6690 1852 5429 5440 6586 6997 6976 1436 5974 8721 5198 863 3942 4851 8560 99 5577 2387 6106 8996 3004 5672 3754 4572 9875 6199 7403 201 9000 9114 7469 4075 9536 5981 8160 2434 1686 6248 2667 7281 1937 1981 5548 7726 6932 6524 6960 5178 7747 3048 5065 2497 
72 5254 7427 570 7256 9446 4759 4259 5511 5209 8717 9416 5545 2201 1659 238 1373 2096 4472 3318 1299 3037 7142 8569 8289 1082 4785 1680 8623 5096 4687 5289 8536 8558 2004 4180 115 4448 3747 7739 1382 8341 9214 9893 650 5640 8643 772 3621 3263 2871 1008 1180 5328 6903 6101 1859 8763 3559 3141 1254 1718 7508 4995 891 7804 2881 8061 9018 8715 6055 1596 9784 
72 2870 701 1788 1204 7006 1196 8434 3302 7648 9891 5171 3536 1644 288 949 7719 9121 9489 690 9107 5739 5084 4446 8458 9973 9760 7122 5064 1723 2502 6893 5118 4601 799 9185 1698 2413 6072 5443 6545 758 7750 8221 4043 2899 5131 7064 1624 4846 2362 4253 4016 160 4462 1586 6489 6981 8510 8243 9342 1454 1594 1361 3906 4735 5280 1136 5365 5007 1778 7774 722 
76 6430 6975 2414 4397 8339 3765 6959 5846 9459 5134 6754 1505 7528 4976 9537 4514 9504 7185 3335 3556 4089 4465 6186 8182 3784 550 6256 8794 972 1557 4882 8437 3817 6582 4985 3303 5689 428 8901 984 639 254 7888 8095 9409 588 4404 9706 5986 875 4670 1582 7504 347 3230 8342 8531 8809 5172 9813 8192 8902 6688 9523 4297 3687 8174 9164 3226 120 2099 7839 2634 98 7690 9604 
79 7849 207 4398 862 5798 1437 2069 4067 9930 477 7890 8699 2003 3036 4529 5671 5619 2992 147 9975 7840 1821 902 9267 2415 6329 1020 7473 4130 4281 1215 4823 5530 5830 4316 5874 7740 7792 6508 2683 7099 2837 920 1783 4434 2108 9674 4704 4780 4706 5651 2665 4513 9512 6525 4731 9026 9578 9086 1497 7956 5599 5158 9074 5629 5391 6356 749 6929 9347 8916 8891 2516 4940 7934 6598 2879 7534 2436 
84 2717 7782 4801 3581 4805 4878 1831 3534 3579 6699 8745 130 7867 5598 5574 2137 4082 5244 8368 5857 9329 6752 5875 6747 7317 7675 4694 1317 6296 7484 1749 8067 9029 2948 2923 1618 2276 8755 3508 7588 5330 5132 4074 623 361 2753 4815 6306 6180 5242 354 5498 2690 9726 1743 5061 8825 6568 4709 2347 668 7263 3358 3483 5358 9715 4783 5665 4320 2953 5337 516 7106 6303 937 1615 3931 3305 5507 224 7908 9481 819 9307 
85 2995 3155 4753 6190 1752 6610 1768 281 5942 8625 6935 5696 61 1178 2085 1257 7430 1562 6304 6007 3090 7393 7227 8389 9380 7927 2960 1620 2947 1668 2931 5304 301 7706 9545 4032 2826 3974 2520 9367 5379 4776 3963 4845 5827 8401 7159 8217 3193 9405 1073 8495 3615 5816 5602 2974 2742 7945 3115 3980 4022 8065 4029 186 2340 1357 6053 4959 9025 5728 7396 5294 9001 5471 4600 9113 3668 7966 1916 8978 7850 4832 6830 283 9404 
85 156 4467 9321 7662 2648 2198 3632 3171 6595 8143 9797 9236 2736 6509 5298 8273 2135 4788 167 2868 8442 9439 5177 3348 6562 4387 7405 4194 2689 9808 1545 5802 3379 7284 199 4243 1724 9964 7560 2017 9434 6060 8384 7112 1771 7001 6147 6321 5519 2741 9716 3939 2226 2245 3576 4085 7189 7975 4812 6689 5060 6875 5034 9237 853 4899 5788 921 9684 3032 2190 2363 6517 316 2437 1628 3081 9766 4416 105 5173 3237 6002 5110 1939 
85 9475 1566 8995 9696 9543 1942 3496 8983 3181 5206 1285 3260 7689 7724 3064 3268 6284 7625 629 5705 1787 6280 7087 6727 851 8328 4350 2310 8036 4758 425 466 1519 8150 3487 5028 373 9812 4774 4401 933 8976 2076 5964 5913 3284 9233 6388 1721 1879 7948 5606 1667 6448 5477 2581 5924 5956 5958 5081 4054 8982 2379 2839 9480 1684 5468 3690 6469 1230 8580 7780 3282 2035 6122 7920 6071 8229 8101 5025 5089 6548 6771 4613 3578 
85 45 6428 3353 1141 9488 9890 4980 3179 4066 8205 8678 5952 4088 7309 450 7694 6635 6117 1809 4219 7109 5910 2253 6677 8701 2401 9874 813 6710 4076 9055 9407 9184 1322 8620 2574 6215 5760 7163 8645 8680 9658 987 8603 6233 7190 6263 6856 4064 7776 5327 6224 1988 8734 39 1630 7877 567 1126 1303 6951 1044 9389 7258 861 9763 8489 9177 6483 2893 2872 2324 369 3073 4737 3639 3971 6492 5199 6387 3056 3473 7003 1366 4359 
